DATE_TIME,USERS,CPU,MEM,DISK,PROCESS
06/24/2020 00:00,20,6.17,0.0691306,205276361,1674
06/24/2020 00:15,19,6.17,0.0690938,205276938,1661
06/24/2020 00:30,19,6.17,0.0690745,205276950,1661
06/24/2020 00:45,19,6.17,0.0691080,205277685,1661
06/24/2020 01:00,18,6.17,0.0690668,205279467,1658
06/24/2020 01:15,18,6.17,0.0690517,205278912,1658
06/24/2020 01:30,17,6.17,0.0688948,205304618,1650
06/24/2020 01:45,17,6.17,0.0688546,205224632,1644
06/24/2020 02:00,17,6.17,0.0688362,205186830,1644
06/24/2020 02:15,16,6.17,0.0688189,205182514,1641
06/24/2020 02:30,16,6.17,0.0688210,205191086,1642
06/24/2020 02:45,16,6.17,0.0688192,205159275,1641
06/24/2020 03:00,16,6.17,0.0687737,205129843,1641
06/24/2020 03:15,17,6.17,0.0688637,205128195,1647
06/24/2020 03:30,17,6.17,0.0688010,205129114,1644
06/24/2020 03:45,19,6.17,0.0690784,205129476,1658
06/24/2020 04:00,20,6.17,0.0691088,205131073,1662
06/24/2020 04:15,20,6.17,0.0690638,205130613,1658
06/24/2020 04:30,20,6.17,0.0689992,205131867,1658
06/24/2020 04:45,20,6.17,0.0690176,205130704,1661
06/24/2020 05:00,18,6.17,0.0689493,205132334,1656
06/24/2020 05:15,17,6.17,0.0689507,205131499,1654
06/24/2020 05:30,17,6.17,0.0688603,205132410,1653
06/24/2020 05:45,17,6.17,0.0688834,205130890,1653
06/24/2020 06:00,16,6.17,0.0688440,205132431,1646
06/24/2020 06:15,16,6.17,0.0688876,205131541,1648
06/24/2020 06:30,16,6.17,0.0688839,205132411,1648
06/24/2020 06:45,17,6.17,0.0689361,205130901,1652
06/24/2020 07:00,17,6.17,0.0689122,205132665,1652
06/24/2020 07:15,17,6.17,0.0689138,205132284,1651
06/24/2020 07:30,17,6.17,0.0688953,205133055,1652
06/24/2020 07:45,16,6.17,0.0688768,205131944,1646
06/24/2020 08:00,16,6.17,0.0688313,205131875,1647
06/24/2020 08:15,18,6.17,0.0712181,205133115,1678
06/24/2020 08:30,17,6.17,0.0709863,205132991,1677
06/24/2020 08:45,18,6.17,0.0709429,205131632,1668
06/24/2020 09:00,18,6.17,0.0708883,205131659,1667
06/24/2020 09:15,18,6.17,0.0709252,205131961,1669
06/24/2020 09:30,19,6.17,0.0709506,205134119,1674
06/24/2020 09:45,19,6.17,0.0709438,205132872,1671
06/24/2020 10:00,22,6.17,0.0711093,205133077,1687
06/24/2020 10:15,37,6.17,0.0718478,205134160,1742
06/24/2020 10:30,45,6.17,0.0728189,205139474,1795
06/24/2020 10:45,47,6.17,0.0728533,205138347,1798
06/24/2020 11:00,41,6.17,0.0725428,205149820,1779
06/24/2020 11:15,40,6.17,0.0725426,205150029,1765
06/24/2020 11:30,38,6.17,0.0694743,205168921,1701
06/24/2020 11:45,36,6.17,0.0683763,205203521,1694
06/24/2020 12:00,34,6.17,0.0680835,205206866,1685
06/24/2020 12:15,31,6.17,0.0678995,205210217,1675
06/24/2020 12:30,33,6.17,0.0679805,205255181,1683
06/24/2020 12:45,32,6.17,0.0681888,205279651,1682
06/24/2020 13:00,34,6.17,0.0686115,205286540,1695
06/24/2020 13:15,35,6.17,0.0686273,205328203,1698
06/24/2020 13:30,35,6.17,0.0687183,205388873,1711
06/24/2020 13:45,35,6.17,0.0686389,205437103,1700
06/24/2020 14:00,32,6.17,0.0683811,205489230,1688
06/24/2020 14:15,39,6.17,0.0686963,205511134,1710
06/24/2020 14:30,32,6.17,0.0689626,205527858,1698
06/24/2020 14:45,34,6.16,0.0691711,205550199,1703
06/24/2020 15:00,33,6.16,0.0703578,205569130,1709
06/24/2020 15:15,30,6.16,0.0702223,205588119,1693
06/24/2020 15:30,30,6.16,0.0702352,205603987,1690
06/24/2020 15:45,30,6.16,0.0702567,205609911,1689
06/24/2020 16:00,28,6.16,0.0702324,205612801,1683
06/24/2020 16:15,28,6.16,0.0692574,205613868,1685
06/24/2020 16:30,28,6.16,0.0704517,205613922,1691
06/24/2020 16:45,25,6.16,0.0702760,205614432,1676
06/24/2020 17:00,26,6.16,0.0703118,205615055,1678
06/24/2020 17:15,28,6.16,0.0704451,205611967,1685
06/24/2020 17:30,27,6.16,0.0704560,205612244,1684
06/24/2020 17:45,28,6.16,0.0704198,205612608,1683
06/24/2020 18:00,26,6.16,0.0702906,205612533,1672
06/24/2020 18:15,28,6.16,0.0727692,205612312,1709
06/24/2020 18:30,28,6.16,0.0726385,205611099,1695
06/24/2020 18:45,26,6.16,0.0708625,205611628,1680
06/24/2020 19:00,28,6.16,0.0709211,205612358,1683
06/24/2020 19:15,27,6.15,0.0708901,205688429,1688
06/24/2020 19:30,28,6.15,0.0708782,205703128,1691
06/24/2020 19:45,28,6.15,0.0701983,205702229,1684
06/24/2020 20:00,30,6.15,0.0703198,205703115,1691
06/24/2020 20:15,29,6.15,0.0703501,205704572,1693
06/24/2020 20:30,27,6.15,0.0702862,205706445,1686
06/24/2020 20:45,27,6.15,0.0702034,205705358,1677
06/24/2020 21:00,30,6.15,0.0705466,205706610,1694
06/24/2020 21:15,27,6.15,0.0704327,205708077,1677
06/24/2020 21:30,26,6.15,0.0708069,205708966,1682
06/24/2020 21:45,26,6.15,0.0705714,205707602,1677
06/24/2020 22:00,25,6.15,0.0705419,205708073,1673
06/24/2020 22:15,23,6.15,0.0704671,205709040,1669
06/24/2020 22:30,21,6.15,0.0704018,205510195,1660
06/24/2020 22:45,20,6.15,0.0703077,205510971,1661
06/24/2020 23:00,21,6.15,0.0704176,205460717,1662
06/24/2020 23:15,21,6.15,0.0704537,205425402,1656
06/24/2020 23:30,20,6.14,0.0703275,205428631,1651
06/24/2020 23:45,20,6.14,0.0703265,205434903,1654
06/25/2020 00:00,19,6.14,0.0702961,205458470,1652
06/25/2020 00:15,19,6.14,0.0702402,205481691,1647
06/25/2020 00:30,19,6.14,0.0702644,205501949,1647
06/25/2020 00:45,18,6.14,0.0701992,205505354,1639
06/25/2020 01:00,18,6.14,0.0701783,205493593,1637
06/25/2020 01:15,18,6.14,0.0701567,205496787,1638
06/25/2020 01:30,18,6.14,0.0701467,205509025,1637
06/25/2020 01:45,18,6.14,0.0701478,205487485,1638
06/25/2020 02:00,18,6.14,0.0701584,205478790,1637
06/25/2020 02:15,18,6.14,0.0701546,205480943,1639
06/25/2020 02:30,18,6.14,0.0701855,205519105,1638
06/25/2020 02:45,18,6.14,0.0701613,205519767,1638
06/25/2020 03:00,18,6.14,0.0701697,205521716,1638
06/25/2020 03:15,18,6.14,0.0701749,205520839,1637
06/25/2020 03:30,18,6.14,0.0701998,205520403,1637
06/25/2020 03:45,18,6.13,0.0689283,205521038,1635
06/25/2020 04:00,18,6.13,0.0689382,205521130,1637
06/25/2020 04:15,18,6.13,0.0689282,205521622,1633
06/25/2020 04:30,18,6.13,0.0689313,205522634,1634
06/25/2020 04:45,18,6.13,0.068855,205521508,1634
06/25/2020 05:00,18,6.13,0.0688515,205521590,1634
06/25/2020 05:15,18,6.13,0.0689021,205522122,1633
06/25/2020 05:30,19,6.13,0.0689694,205521776,1638
06/25/2020 05:45,19,6.13,0.0689611,205522167,1637
06/25/2020 06:00,19,6.13,0.0689459,205522552,1636
06/25/2020 06:15,19,6.13,0.0689551,205523404,1636
06/25/2020 06:30,19,6.13,0.068968,205522622,1636
06/25/2020 06:45,19,6.13,0.0689364,205523519,1637
06/25/2020 07:00,19,6.13,0.0689835,205523956,1640
06/25/2020 07:15,19,6.13,0.0689602,205524633,1636
06/25/2020 07:30,19,6.13,0.0689629,205524553,1638
06/25/2020 07:45,21,6.13,0.069045,205528040,1645
06/25/2020 08:00,22,6.13,0.0691242,205528867,1646
06/25/2020 08:15,21,6.12,0.069031,205531180,1642
06/25/2020 08:30,21,6.12,0.0690055,205530755,1642
06/25/2020 08:45,21,6.12,0.0690257,205531059,1642
06/25/2020 09:00,23,6.12,0.0691119,205532440,1659
06/25/2020 09:15,23,6.12,0.0690977,205534257,1648
06/25/2020 09:30,25,6.12,0.069334,205534999,1665
06/25/2020 09:45,26,6.12,0.0692861,205535370,1717
06/25/2020 10:00,28,6.12,0.0693601,205535686,1706
06/25/2020 10:15,41,6.12,0.070944,205536539,1742
06/25/2020 10:30,50,6.12,0.0717282,205537704,1784
06/25/2020 10:45,48,6.12,0.0717196,205538125,1780
06/25/2020 11:00,46,6.12,0.0714804,205541303,1789
06/25/2020 11:15,44,6.12,0.071257,205542719,1759
06/25/2020 11:30,43,6.12,0.0714289,205546279,1757
06/25/2020 11:45,42,6.12,0.0711562,205550336,1752
06/25/2020 12:00,43,6.12,0.0721127,205548182,1758
06/25/2020 12:15,40,6.12,0.0716348,205551326,1743
06/25/2020 12:30,36,6.11,0.071512,205556408,1729
06/25/2020 12:45,38,6.11,0.0715208,205558602,1731
06/25/2020 13:00,40,6.11,0.0717127,205561952,1744
06/25/2020 13:15,39,6.11,0.0722311,205565817,1746
06/25/2020 13:30,34,6.11,0.0720481,205571138,1734
06/25/2020 13:45,33,6.11,0.0719379,205571724,1721
06/25/2020 14:00,33,6.11,0.0725151,205574193,1723
06/25/2020 14:15,33,6.11,0.0721224,205576020,1714
06/25/2020 14:30,34,6.11,0.0722715,205574610,1723
06/25/2020 14:45,35,6.11,0.0748306,205575469,1735
06/25/2020 15:00,33,6.11,0.0756684,205576297,1731
06/25/2020 15:15,38,6.11,0.076128,205577322,1749
06/25/2020 15:30,39,6.11,0.0763104,205577619,1760
06/25/2020 15:45,41,6.11,0.0765507,205578238,1768
06/25/2020 16:00,42,6.11,0.0765969,205588456,1772
06/25/2020 16:15,42,6.11,0.0764821,205591771,1764
06/25/2020 16:30,42,6.11,0.0765924,205593076,1772
06/25/2020 16:45,43,6.11,0.0765905,205595942,1764
06/25/2020 17:00,42,6.10,0.0758849,205600309,1750
06/25/2020 17:15,42,6.10,0.0759015,205599063,1751
06/25/2020 17:30,40,6.10,0.0758316,205601256,1745
06/25/2020 17:45,40,6.10,0.075792,205602308,1747
06/25/2020 18:00,39,6.10,0.0758121,205603692,1738
06/25/2020 18:15,38,6.10,0.0757184,205632184,1734
06/25/2020 18:30,38,6.10,0.0758583,205637379,1740
06/25/2020 18:45,37,6.10,0.0757955,205639547,1734
06/25/2020 19:00,38,6.10,0.0757641,205640594,1733
06/25/2020 19:15,36,6.10,0.0757001,205641696,1723
06/25/2020 19:30,35,6.10,0.0771959,205643968,1720
06/25/2020 19:45,35,6.10,0.0764508,205644921,1713
06/25/2020 20:00,35,6.10,0.0765139,205646897,1716
06/25/2020 20:15,34,6.10,0.076365,205648338,1713
06/25/2020 20:30,34,6.10,0.076395,205651547,1711
06/25/2020 20:45,32,6.10,0.0756812,205650704,1710
06/25/2020 21:00,32,6.10,0.0756604,205652813,1707
06/25/2020 21:15,31,6.10,0.075567,205656141,1700
06/25/2020 21:30,30,6.09,0.0756038,205644508,1699
06/25/2020 21:45,27,6.09,0.075313,205645043,1690
06/25/2020 22:00,26,6.09,0.0752543,205654926,1685
06/25/2020 22:15,24,6.09,0.0753312,205519387,1678
06/25/2020 22:30,23,6.09,0.0737095,205551178,1668
06/25/2020 22:45,22,6.09,0.0736793,205574053,1669
06/25/2020 23:00,21,6.09,0.0719359,205582438,1658
06/25/2020 23:15,23,6.09,0.0738526,205607057,1676
06/25/2020 23:30,22,6.09,0.0739117,205632206,1671
06/25/2020 23:45,22,6.09,0.073917,205655497,1670
06/26/2020 00:00,21,6.09,0.0738925,205658473,1665
06/26/2020 00:15,20,6.09,0.0739575,205659414,1665
06/26/2020 00:30,20,6.09,0.0739773,205663092,1663
06/26/2020 00:45,20,6.09,0.0739153,205638819,1664
06/26/2020 01:00,20,6.09,0.0726012,205616043,1653
06/26/2020 01:15,21,6.09,0.072666,205577132,1657
06/26/2020 01:30,21,6.09,0.0726251,205599694,1655
06/26/2020 01:45,20,6.08,0.0725708,205626156,1649
06/26/2020 02:00,20,6.08,0.0725852,205641254,1649
06/26/2020 02:15,20,6.08,0.0725881,205650338,1647
06/26/2020 02:30,19,6.08,0.0705115,205691260,1643
06/26/2020 02:45,18,6.08,0.0704095,205690603,1633
06/26/2020 03:00,18,6.08,0.0703965,205692989,1632
06/26/2020 03:15,18,6.08,0.0703899,205691578,1633
06/26/2020 03:30,18,6.08,0.0703801,205692391,1632
06/26/2020 03:45,18,6.08,0.0703722,205692946,1632
06/26/2020 04:00,18,6.08,0.0703779,205693283,1633
06/26/2020 04:15,18,6.08,0.0703949,205693190,1635
06/26/2020 04:30,17,6.08,0.070344,205693645,1629
06/26/2020 04:45,16,6.08,0.0702983,205694491,1625
06/26/2020 05:00,16,6.08,0.0703166,205694637,1625
06/26/2020 05:15,16,6.08,0.0703062,205694754,1626
06/26/2020 05:30,16,6.08,0.0709924,205695196,1633
06/26/2020 05:45,16,6.08,0.0697674,205695802,1628
06/26/2020 06:00,16,6.08,0.0697604,205696046,1628
06/26/2020 06:15,15,6.07,0.0695943,205696091,1625
06/26/2020 06:30,17,6.07,0.0696932,205696308,1632
06/26/2020 06:45,16,6.07,0.0698067,205696735,1628
06/26/2020 07:00,16,6.07,0.0699321,205696902,1627
06/26/2020 07:15,17,6.07,0.0700087,205697295,1632
06/26/2020 07:30,18,6.07,0.0700569,205697561,1636
06/26/2020 07:45,18,6.07,0.0722381,205697967,1656
06/26/2020 08:00,18,6.07,0.0722185,205698324,1648
06/26/2020 08:15,19,6.07,0.07229,205697283,1655
06/26/2020 08:30,19,6.07,0.0724232,205699287,1658
06/26/2020 08:45,19,6.07,0.0724509,205698229,1653
06/26/2020 09:00,19,6.07,0.0723832,205699061,1653
06/26/2020 09:15,20,6.07,0.0723739,205692008,1657
06/26/2020 09:30,21,6.07,0.0724212,205695978,1672
06/26/2020 09:45,21,6.07,0.0725206,205699105,1676
06/26/2020 10:00,23,6.07,0.0726997,205725864,1686
06/26/2020 10:15,25,6.07,0.0727906,205852127,1696
06/26/2020 10:30,28,6.07,0.0731553,205928577,1715
06/26/2020 10:45,32,6.06,0.0733055,205928601,1729
06/26/2020 11:00,35,6.06,0.073625,205931810,1751
06/26/2020 11:15,33,6.06,0.0735252,205933182,1743
06/26/2020 11:30,33,6.06,0.0734847,205934893,1739
06/26/2020 11:45,34,6.06,0.0735139,205936778,1744
06/26/2020 12:00,32,6.06,0.075159,205943226,1755
06/26/2020 12:15,32,6.06,0.0743885,205950387,1739
06/26/2020 12:30,32,6.06,0.074285,205950554,1724
06/26/2020 12:45,30,6.06,0.0762771,205955076,1733
06/26/2020 13:00,31,6.06,0.0762247,205956143,1747
06/26/2020 13:15,33,6.06,0.0745909,205957989,1739
06/26/2020 13:30,34,6.06,0.0758655,205959029,1756
06/26/2020 13:45,34,6.06,0.0748936,205963540,1733
06/26/2020 14:00,32,6.06,0.074898,205966043,1727
06/26/2020 14:15,31,6.06,0.0748731,205964875,1724
06/26/2020 14:30,30,6.06,0.0748856,205966561,1725
06/26/2020 14:45,31,6.06,0.0736133,205967397,1722
06/26/2020 15:00,33,6.06,0.0761408,205973043,1758
06/26/2020 15:15,34,6.05,0.0752678,205975370,1743
06/26/2020 15:30,32,6.05,0.0752671,205981654,1727
06/26/2020 15:45,31,6.05,0.0754686,205984699,1729
06/26/2020 16:00,30,6.05,0.0752749,205987611,1721
06/26/2020 16:15,27,6.05,0.0750258,205988179,1707
06/26/2020 16:30,28,6.05,0.0765766,205991448,1716
06/26/2020 16:45,28,6.05,0.0750076,206002852,1700
06/26/2020 17:00,28,6.05,0.0749359,206015834,1701
06/26/2020 17:15,27,6.05,0.0748692,206019284,1695
06/26/2020 17:30,27,6.05,0.0748659,206020355,1695
06/26/2020 17:45,27,6.05,0.0748236,206024439,1694
06/26/2020 18:00,28,6.05,0.0749475,206025334,1691
06/26/2020 18:15,27,6.05,0.0747562,206024276,1693
06/26/2020 18:30,27,6.05,0.0749406,206026633,1688
06/26/2020 18:45,28,6.05,0.0750404,206027474,1699
06/26/2020 19:00,27,6.05,0.0749802,206027958,1700
06/26/2020 19:15,27,6.05,0.075038,206030393,1706
06/26/2020 19:30,28,6.05,0.0752894,206033010,1709
06/26/2020 19:45,26,6.04,0.0751983,206032339,1706
06/26/2020 20:00,25,6.04,0.0747105,206033574,1699
06/26/2020 20:15,26,6.04,0.0743585,206033917,1695
06/26/2020 20:30,23,6.04,0.0741068,206034598,1689
06/26/2020 20:45,23,6.04,0.0741383,206035498,1686
06/26/2020 21:00,23,6.04,0.0742259,206036779,1687
06/26/2020 21:15,24,6.04,0.0741653,206037293,1688
06/26/2020 21:30,25,6.04,0.0742066,206039857,1688
06/26/2020 21:45,23,6.04,0.0741275,206039580,1680
06/26/2020 22:00,23,6.04,0.0747052,206043155,1694
06/26/2020 22:15,23,6.04,0.0742895,205842423,1674
06/26/2020 22:30,25,6.04,0.0743401,205019432,1683
06/26/2020 22:45,24,6.04,0.0742084,204127726,1680
06/26/2020 23:00,25,6.04,0.0743517,204129639,1689
06/26/2020 23:15,22,6.04,0.0740983,204128407,1677
06/26/2020 23:30,19,6.04,0.0739775,204130447,1667
06/26/2020 23:45,19,6.04,0.0740562,204132116,1674
06/27/2020 00:00,19,6.04,0.0739832,204136665,1670
06/27/2020 00:15,18,6.03,0.0753702,204012174,1682
06/27/2020 00:30,16,6.03,0.0733566,204012290,1654
06/27/2020 00:45,16,6.03,0.0731005,203982266,1644
06/27/2020 01:00,16,6.03,0.0732225,203969249,1645
06/27/2020 01:15,16,6.03,0.0738949,203977787,1659
06/27/2020 01:30,16,6.03,0.073526,204002190,1646
06/27/2020 01:45,16,6.03,0.073492,204003166,1640
06/27/2020 02:00,16,6.03,0.0734743,204005227,1641
06/27/2020 02:15,16,6.03,0.0734563,204014296,1640
06/27/2020 02:30,16,6.03,0.0734818,204044670,1640
06/27/2020 02:45,16,6.03,0.0735192,204053977,1639
06/27/2020 03:00,16,6.03,0.0734993,204055121,1640
06/27/2020 03:15,16,6.03,0.0734843,204062895,1645
06/27/2020 03:30,16,6.03,0.0734871,204063546,1640
06/27/2020 03:45,16,6.03,0.0734834,204064046,1640
06/27/2020 04:00,16,6.03,0.0734661,204065458,1640
06/27/2020 04:15,16,6.03,0.0734915,204065700,1640
06/27/2020 04:30,16,6.03,0.0734601,204066553,1640
06/27/2020 04:45,16,6.02,0.0722715,204067008,1637
06/27/2020 05:00,16,6.02,0.072061,204067572,1633
06/27/2020 05:15,16,6.02,0.0720359,204068288,1634
06/27/2020 05:30,16,6.02,0.0719859,204070527,1633
06/27/2020 05:45,16,6.02,0.072025,204070015,1634
06/27/2020 06:00,16,6.02,0.0719879,204070977,1634
06/27/2020 06:15,16,6.02,0.0720061,204071540,1633
06/27/2020 06:30,16,6.02,0.0719842,204072386,1633
06/27/2020 06:45,16,6.02,0.0720202,204072816,1633
06/27/2020 07:00,16,6.02,0.0720326,204080750,1633
06/27/2020 07:15,16,6.02,0.0720368,204081607,1635
06/27/2020 07:30,16,6.02,0.0720196,204081944,1633
06/27/2020 07:45,17,6.02,0.0720709,204082620,1638
06/27/2020 08:00,17,6.02,0.0720954,204082787,1637
06/27/2020 08:15,17,6.02,0.0720864,204083042,1639
06/27/2020 08:30,17,6.02,0.0720839,204083269,1637
06/27/2020 08:45,18,6.02,0.072169,204083709,1643
06/27/2020 09:00,19,6.02,0.0722845,204092572,1653
06/27/2020 09:15,18,6.01,0.0722155,204092856,1645
06/27/2020 09:30,19,6.01,0.0724167,204094826,1652
06/27/2020 09:45,19,6.01,0.0724649,204093907,1653
06/27/2020 10:00,19,6.01,0.0724733,204094254,1652
06/27/2020 10:15,22,6.01,0.0726265,204094923,1665
06/27/2020 10:30,24,6.01,0.0741972,204095655,1685
06/27/2020 10:45,24,6.01,0.0741534,204095868,1680
06/27/2020 11:00,23,6.01,0.0740751,204096839,1676
06/27/2020 11:15,26,6.01,0.0744647,204096736,1691
06/27/2020 11:30,28,6.01,0.0743742,204097847,1697
06/27/2020 11:45,28,6.01,0.0743002,204099224,1700
06/27/2020 12:00,31,6.01,0.0743315,204078262,1699
06/27/2020 12:15,30,6.01,0.0743751,204077737,1703
06/27/2020 12:30,31,6.01,0.0744883,204079895,1707
06/27/2020 12:45,29,6.01,0.0743299,204080371,1701
06/27/2020 13:00,29,6.01,0.0744801,204082124,1709
06/27/2020 13:15,29,6.01,0.0743646,204083491,1699
06/27/2020 13:30,30,6.01,0.0746888,204084952,1696
06/27/2020 13:45,29,6.01,0.0744454,204086515,1696
06/27/2020 14:00,29,6.00,0.0744656,204089930,1694
06/27/2020 14:15,29,6.00,0.0732903,204089596,1694
06/27/2020 14:30,29,6.00,0.0733163,204091159,1690
06/27/2020 14:45,33,6.00,0.0736563,204092682,1711
06/27/2020 15:00,33,6.00,0.0737126,204095704,1720
06/27/2020 15:15,33,6.00,0.0736289,204137812,1721
06/27/2020 15:30,32,6.00,0.0744889,204142653,1715
06/27/2020 15:45,33,6.00,0.0746399,204145215,1726
06/27/2020 16:00,35,6.00,0.0746947,204153232,1724
06/27/2020 16:15,37,6.00,0.0747559,204155309,1733
06/27/2020 16:30,38,6.00,0.0747975,204156873,1737
06/27/2020 16:45,37,6.00,0.0747953,204158477,1745
06/27/2020 17:00,35,6.00,0.074796,204159833,1725
06/27/2020 17:15,35,6.00,0.0747391,204156387,1721
06/27/2020 17:30,36,6.00,0.0747567,204159204,1729
06/27/2020 17:45,34,6.00,0.0746937,204159701,1721
06/27/2020 18:00,33,6.00,0.0747459,204162700,1726
06/27/2020 18:15,34,6.00,0.0747747,204161757,1724
06/27/2020 18:30,31,5.99,0.0745698,204168090,1714
06/27/2020 18:45,33,5.99,0.0747875,204170820,1729
06/27/2020 19:00,33,5.99,0.0748321,204175562,1734
06/27/2020 19:15,34,5.99,0.0762984,204175268,1744
06/27/2020 19:30,36,5.99,0.0780189,204176997,1754
06/27/2020 19:45,33,5.99,0.0779034,204179925,1744
06/27/2020 20:00,33,5.99,0.0804363,204184637,1767
06/27/2020 20:15,34,5.99,0.0806498,204189322,1769
06/27/2020 20:30,37,5.99,0.0808254,204193917,1776
06/27/2020 20:45,36,5.99,0.0805675,204194034,1776
06/27/2020 21:00,33,5.99,0.0805721,204196227,1767
06/27/2020 21:15,34,5.99,0.080532,204198289,1762
06/27/2020 21:30,31,5.99,0.0804163,204200483,1748
06/27/2020 21:45,33,5.99,0.0805779,204213166,1752
06/27/2020 22:00,38,5.99,0.0808833,204217799,1764
06/27/2020 22:15,34,5.99,0.0806854,204221146,1751
06/27/2020 22:30,33,5.99,0.080796,204156538,1749
06/27/2020 22:45,30,5.99,0.0806887,204158530,1744
06/27/2020 23:00,30,5.99,0.0809439,204162162,1739
06/27/2020 23:15,30,5.98,0.0804839,204165255,1742
06/27/2020 23:30,26,5.98,0.0804706,204167420,1730
06/27/2020 23:45,26,5.98,0.0806403,204168697,1725
06/28/2020 00:00,24,5.98,0.0802697,204169294,1714
06/28/2020 00:15,23,5.98,0.0802311,204177910,1710
06/28/2020 00:30,22,5.98,0.0801741,204168023,1705
06/28/2020 00:45,21,5.98,0.0801445,204138474,1700
06/28/2020 01:00,20,5.98,0.0801215,204121895,1700
06/28/2020 01:15,21,5.98,0.0801979,204112924,1706
06/28/2020 01:30,21,5.98,0.0801579,204135794,1700
06/28/2020 01:45,21,5.98,0.0799996,204132848,1695
06/28/2020 02:00,21,5.98,0.0800523,204134589,1695
06/28/2020 02:15,21,5.98,0.0800481,204145512,1694
06/28/2020 02:30,22,5.98,0.080111,204183762,1698
06/28/2020 02:45,22,5.98,0.0801073,204185168,1698
06/28/2020 03:00,22,5.98,0.0801302,204185883,1703
06/28/2020 03:15,21,5.98,0.0800775,204186930,1734
06/28/2020 03:30,21,5.98,0.0800518,204187192,1694
06/28/2020 03:45,21,5.98,0.0800699,204189678,1693
06/28/2020 04:00,20,5.97,0.0799543,204190076,1686
06/28/2020 04:15,21,5.97,0.0799867,204191322,1692
06/28/2020 04:30,21,5.97,0.0799989,204192108,1727
06/28/2020 04:45,21,5.97,0.0799911,204193041,1690
06/28/2020 05:00,21,5.97,0.0800482,204195364,1695
06/28/2020 05:15,21,5.97,0.0800069,204194626,1692
06/28/2020 05:30,21,5.97,0.0800453,204196377,1694
06/28/2020 05:45,22,5.97,0.08009,204196106,1698
06/28/2020 06:00,22,5.97,0.0801058,204196619,1698
06/28/2020 06:15,22,5.97,0.0793081,204198570,1694
06/28/2020 06:30,22,5.97,0.0793614,204183224,1700
06/28/2020 06:45,22,5.97,0.0793269,204186597,1697
06/28/2020 07:00,23,5.97,0.0793966,204187470,1696
06/28/2020 07:15,23,5.97,0.0793641,204188632,1695
06/28/2020 07:30,23,5.97,0.0793937,204188697,1698
06/28/2020 07:45,23,5.97,0.0794068,204189132,1696
06/28/2020 08:00,23,5.97,0.0794194,204189484,1698
06/28/2020 08:15,23,5.97,0.0795526,204190386,1707
06/28/2020 08:30,24,5.96,0.0795342,204190936,1713
06/28/2020 08:45,25,5.96,0.0796925,204191108,1714
06/28/2020 09:00,26,5.96,0.0798408,204191320,1728
06/28/2020 09:15,27,5.96,0.0799916,204192414,1729
06/28/2020 09:30,28,5.96,0.0799506,204180213,1731
06/28/2020 09:45,28,5.96,0.0805304,204181061,1736
06/28/2020 10:00,28,5.96,0.0802023,204181706,1732
06/28/2020 10:15,28,5.96,0.0808895,204182896,1734
06/28/2020 10:30,29,5.96,0.0811095,204183691,1745
06/28/2020 10:45,29,5.96,0.0783944,204184221,1731
06/28/2020 11:00,29,5.96,0.0785132,204185762,1737
06/28/2020 11:15,30,5.96,0.079242,204187481,1742
06/28/2020 11:30,29,5.96,0.0791895,204190659,1735
06/28/2020 11:45,28,5.96,0.079074,204189935,1733
06/28/2020 12:00,26,5.96,0.0795407,204191279,1734
06/28/2020 12:15,28,5.96,0.0796894,204192943,1735
06/28/2020 12:30,25,5.96,0.0791877,204195351,1741
06/28/2020 12:45,24,5.96,0.0791135,204194944,1711
06/28/2020 13:00,25,5.96,0.0793781,204195655,1717
06/28/2020 13:15,25,5.95,0.0798135,204198620,1721
06/28/2020 13:30,27,5.95,0.0793969,204199576,1727
06/28/2020 13:45,28,5.95,0.0789633,204200379,1734
06/28/2020 14:00,29,5.95,0.0788918,204200840,1758
06/28/2020 14:15,30,5.95,0.0789901,204201969,1755
06/28/2020 14:30,29,5.95,0.0790174,204201106,1748
06/28/2020 14:45,28,5.95,0.078989,204201874,1748
06/28/2020 15:00,31,5.95,0.0793719,204203097,1754
06/28/2020 15:15,31,5.95,0.0793486,204204558,1763
06/28/2020 15:30,33,5.95,0.0794656,204204902,1767
06/28/2020 15:45,33,5.95,0.0827884,204205399,1794
06/28/2020 16:00,33,5.95,0.0794689,204207190,1763
06/28/2020 16:15,32,5.95,0.0795345,204208651,1760
06/28/2020 16:30,34,5.95,0.0794922,204207768,1773
06/28/2020 16:45,32,5.95,0.0798741,204208319,1765
06/28/2020 17:00,29,5.95,0.0812165,204209127,1770
06/28/2020 17:15,29,5.95,0.082429,204207259,1773
06/28/2020 17:30,28,5.95,0.0817073,204209211,1771
06/28/2020 17:45,27,5.95,0.0816789,204209327,1772
06/28/2020 18:00,26,5.95,0.082021,204211480,1748
06/28/2020 18:15,26,5.94,0.0823188,204211782,1761
06/28/2020 18:30,25,5.94,0.082272,204212971,1741
06/28/2020 18:45,26,5.94,0.0814175,204212993,1750
06/28/2020 19:00,27,5.94,0.0809268,204215060,1745
06/28/2020 19:15,30,5.94,0.0811485,204214657,1755
06/28/2020 19:30,32,5.94,0.081317,204214367,1766
06/28/2020 19:45,32,5.94,0.0809018,204214993,1758
06/28/2020 20:00,32,5.94,0.080846,204216107,1756
06/28/2020 20:15,33,5.94,0.0827293,204217236,1779
06/28/2020 20:30,33,5.94,0.0827791,204216076,1775
06/28/2020 20:45,31,5.94,0.0829388,204217203,1771
06/28/2020 21:00,30,5.94,0.0829305,204219344,1761
06/28/2020 21:15,27,5.94,0.0851657,204220462,1764
06/28/2020 21:30,26,5.94,0.0853282,204220895,1762
06/28/2020 21:45,26,5.94,0.085777,204221788,1761
06/28/2020 22:00,25,5.94,0.0867716,204227248,1759
06/28/2020 22:15,25,5.94,0.0860782,204229960,1744
06/28/2020 22:30,23,5.94,0.085883,204164777,1743
06/28/2020 22:45,22,5.94,0.0843223,204167308,1723
06/28/2020 23:00,23,5.93,0.0847467,204169205,1737
06/28/2020 23:15,24,5.93,0.0852261,204170527,1739
06/28/2020 23:30,23,5.93,0.085205,204171566,1731
06/28/2020 23:45,22,5.93,0.0851637,204173152,1729
06/29/2020 00:00,23,5.93,0.0851734,204173049,1734
06/29/2020 00:15,22,5.93,0.081992,204174342,1707
06/29/2020 00:30,22,5.93,0.0819891,204146532,1701
06/29/2020 00:45,22,5.93,0.0819617,204144650,1702
06/29/2020 01:00,21,5.93,0.0819078,204145948,1697
06/29/2020 01:15,21,5.93,0.0818965,204149016,1697
06/29/2020 01:30,20,5.93,0.0818382,204179240,1690
06/29/2020 01:45,22,5.93,0.0819235,204181512,1700
06/29/2020 02:00,21,5.93,0.0818768,204182432,1693
06/29/2020 02:15,21,5.93,0.0818701,204196123,1693
06/29/2020 02:30,20,5.93,0.0818347,204236760,1691
06/29/2020 02:45,20,5.93,0.0818431,204237614,1689
06/29/2020 03:00,19,5.93,0.0818041,204239275,1686
06/29/2020 03:15,19,5.93,0.0817836,204238867,1684
06/29/2020 03:30,19,5.93,0.0817659,204238792,1683
06/29/2020 03:45,19,5.92,0.0818,204239194,1687
06/29/2020 04:00,19,5.92,0.0817848,204239212,1682
06/29/2020 04:15,19,5.92,0.0817523,204240586,1685
06/29/2020 04:30,19,5.92,0.0817609,204240749,1682
06/29/2020 04:45,19,5.92,0.0817405,204241080,1683
06/29/2020 05:00,19,5.92,0.0817902,204242035,1687
06/29/2020 05:15,18,5.92,0.0817303,204242658,1681
06/29/2020 05:30,19,5.92,0.0817391,204242635,1680
06/29/2020 05:45,19,5.92,0.0817238,204243431,1684
06/29/2020 06:00,19,5.92,0.0816705,204243709,1676
06/29/2020 06:15,20,5.92,0.081726,204244647,1681
06/29/2020 06:30,20,5.92,0.0817522,204244206,1682
06/29/2020 06:45,20,5.92,0.081723,204244632,1680
06/29/2020 07:00,20,5.92,0.0817364,204244829,1680
06/29/2020 07:15,20,5.92,0.0817764,204266169,1680
06/29/2020 07:30,20,5.92,0.0819081,204266081,1688
06/29/2020 07:45,20,5.92,0.0819496,204266845,1689
06/29/2020 08:00,22,5.92,0.0819642,204269404,1692
06/29/2020 08:15,21,5.92,0.0818814,204270147,1688
06/29/2020 08:30,23,5.91,0.0820023,204278335,1695
06/29/2020 08:45,22,5.91,0.0823362,204276774,1697
06/29/2020 09:00,23,5.91,0.0814685,204278118,1694
06/29/2020 09:15,24,5.91,0.0815513,204279949,1705
06/29/2020 09:30,25,5.91,0.081092,204280781,1701
06/29/2020 09:45,25,5.91,0.0810616,204281535,1701
06/29/2020 10:00,30,5.91,0.0820729,204283717,1725
06/29/2020 10:15,31,5.91,0.0822707,204283389,1731
06/29/2020 10:30,31,5.91,0.0821621,204281478,1728
06/29/2020 10:45,31,5.91,0.0826672,204282851,1740
06/29/2020 11:00,34,5.91,0.081086,204293851,1749
06/29/2020 11:15,37,5.91,0.0814489,204300311,1769
06/29/2020 11:30,39,5.91,0.0815278,204302330,1771
06/29/2020 11:45,39,5.91,0.081511,204305682,1771
06/29/2020 12:00,39,5.91,0.0848175,204309679,1795
06/29/2020 12:15,35,5.91,0.0839566,204313001,1774
06/29/2020 12:30,36,5.91,0.0851121,204315452,1776
06/29/2020 12:45,37,5.91,0.0852016,204314106,1780
06/29/2020 13:00,37,5.91,0.0855883,204337259,1780
06/29/2020 13:15,36,5.90,0.0870919,204342748,1783
06/29/2020 13:30,36,5.90,0.0876079,204347334,1791
06/29/2020 13:45,36,5.90,0.0879909,204347877,1824
06/29/2020 14:00,38,5.90,0.0883101,204356851,1801
06/29/2020 14:15,42,5.90,0.0888832,204364757,1824
06/29/2020 14:30,41,5.90,0.0888238,204366583,1822
06/29/2020 14:45,40,5.90,0.0891233,204361806,1820
06/29/2020 15:00,41,5.90,0.0893709,204364750,1825
06/29/2020 15:15,43,5.90,0.0915769,204366004,1843
06/29/2020 15:30,43,5.90,0.0920437,204368161,1845
06/29/2020 15:45,45,5.90,0.100509,204367819,1859
06/29/2020 16:00,43,5.90,0.0920229,204370461,1832
06/29/2020 16:15,45,5.90,0.0923265,204371336,1842
06/29/2020 16:30,44,5.90,0.0923176,204372019,1841
06/29/2020 16:45,42,5.90,0.0904139,204372874,1824
06/29/2020 17:00,43,5.90,0.091412,204373620,1850
06/29/2020 17:15,42,5.90,0.0913302,204371080,1859
06/29/2020 17:30,42,5.90,0.0915036,204376046,1846
06/29/2020 17:45,40,5.90,0.0914574,204378115,1849
06/29/2020 18:00,40,5.89,0.091715,204381240,1855
06/29/2020 18:15,37,5.89,0.0917601,204381469,1837
06/29/2020 18:30,36,5.89,0.0921101,204383076,1837
06/29/2020 18:45,36,5.89,0.0923854,204382894,1844
06/29/2020 19:00,38,5.89,0.0932209,204374680,1862
06/29/2020 19:15,36,5.89,0.0924812,204376637,1833
06/29/2020 19:30,37,5.89,0.0928218,204376951,1848
06/29/2020 19:45,37,5.89,0.0930759,204379006,1859
06/29/2020 20:00,38,5.89,0.0933277,204380889,1856
06/29/2020 20:15,34,5.89,0.0945215,204380338,1832
06/29/2020 20:30,33,5.89,0.0945145,204382070,1830
06/29/2020 20:45,33,5.89,0.0947635,204381467,1840
06/29/2020 21:00,33,5.89,0.0947455,204383824,1835
06/29/2020 21:15,33,5.89,0.0950748,204387549,1835
06/29/2020 21:30,35,5.89,0.0962217,204389204,1849
06/29/2020 21:45,34,5.89,0.0941597,204388253,1828
06/29/2020 22:00,31,5.89,0.0999542,204388789,1840
06/29/2020 22:15,30,5.89,0.0957269,204389999,1821
06/29/2020 22:30,32,5.89,0.094738,204390882,1822
06/29/2020 22:45,28,5.89,0.0953689,204312760,1815
06/29/2020 23:00,26,5.88,0.0954348,204313873,1801
06/29/2020 23:15,25,5.88,0.0951752,204310503,1789
06/29/2020 23:30,28,5.88,0.0942629,204312850,1789
06/29/2020 23:45,25,5.88,0.0944767,204314150,1782
06/30/2020 00:00,24,5.88,0.0927978,204314988,1766
06/30/2020 00:15,24,5.88,0.091565,204314759,1759
06/30/2020 00:30,23,5.88,0.0913217,204314588,1751
06/30/2020 00:45,21,5.88,0.0912951,204283519,1746
06/30/2020 01:00,21,5.88,0.0905362,204278319,1738
06/30/2020 01:15,21,5.88,0.0904861,204272599,1738
06/30/2020 01:30,21,5.88,0.0904838,204292883,1736
06/30/2020 01:45,19,5.88,0.0895192,204293226,1727
06/30/2020 02:00,18,5.88,0.0891115,204293394,1716
06/30/2020 02:15,19,5.88,0.0891257,204302644,1719
06/30/2020 02:30,19,5.88,0.0891331,204340883,1713
06/30/2020 02:45,19,5.88,0.088545,204341353,1710
06/30/2020 03:00,18,5.88,0.0884886,204341733,1706
06/30/2020 03:15,17,5.88,0.0884817,204341890,1703
06/30/2020 03:30,17,5.88,0.0884737,204342726,1705
06/30/2020 03:45,16,5.87,0.0884444,204343008,1700
06/30/2020 04:00,16,5.87,0.0884161,204343027,1700
06/30/2020 04:15,16,5.87,0.0884427,204343019,1699
06/30/2020 04:30,15,5.87,0.0883935,204343392,1694
06/30/2020 04:45,15,5.87,0.088396,204345502,1696
06/30/2020 05:00,15,5.87,0.0883733,204347912,1695
06/30/2020 05:15,15,5.87,0.0901138,204349377,1709
06/30/2020 05:30,15,5.87,0.0901443,204351629,1707
06/30/2020 05:45,16,5.87,0.0902051,204353770,1714
06/30/2020 06:00,16,5.87,0.0903762,204357407,1714
06/30/2020 06:15,16,5.87,0.0907893,204357208,1711
06/30/2020 06:30,16,5.87,0.0908389,204359201,1711
06/30/2020 06:45,16,5.87,0.0908505,204361406,1709
06/30/2020 07:00,16,5.87,0.0908782,204365575,1710
06/30/2020 07:15,16,5.87,0.0908137,204367088,1708
06/30/2020 07:30,16,5.87,0.0908053,204745678,1713
06/30/2020 07:45,16,5.87,0.0908608,204747760,1710
06/30/2020 08:00,16,5.87,0.0908483,204750121,1708
06/30/2020 08:15,17,5.87,0.0908868,204751978,1713
06/30/2020 08:30,16,5.86,0.0908232,204755073,1710
06/30/2020 08:45,16,5.86,0.0908426,204755115,1710
06/30/2020 09:00,16,5.86,0.0908338,204756729,1709
06/30/2020 09:15,17,5.86,0.0912955,204758877,1718
06/30/2020 09:30,18,5.86,0.0910213,204761915,1722
06/30/2020 09:45,18,5.86,0.0909662,204761986,1717
06/30/2020 10:00,20,5.86,0.0928438,204763383,1741
06/30/2020 10:15,21,5.86,0.0928282,204767329,1737
06/30/2020 10:30,26,5.86,0.094621,204781416,1782
06/30/2020 10:45,28,5.86,0.0947372,204782020,1781
06/30/2020 11:00,30,5.86,0.0948701,204787842,1793
06/30/2020 11:15,32,5.86,0.0952814,204794216,1800
06/30/2020 11:30,32,5.86,0.0953447,204799987,1793
06/30/2020 11:45,33,5.86,0.0953203,204804975,1798
06/30/2020 12:00,34,5.86,0.095532,204813039,1803
06/30/2020 12:15,34,5.86,0.0941807,204810058,1802
06/30/2020 12:30,35,5.86,0.0939079,204818736,1808
06/30/2020 12:45,32,5.86,0.09372,204820968,1791
06/30/2020 13:00,34,5.86,0.0925634,204829672,1800
06/30/2020 13:15,37,5.86,0.0963635,204827935,1815
06/30/2020 13:30,39,5.85,0.0945228,204834086,1831
06/30/2020 13:45,29,5.85,0.0939494,204871734,1808
06/30/2020 14:00,23,5.85,0.0938119,204897250,1798
06/30/2020 14:15,8,0.27,0.014037,167559181,926
06/30/2020 14:30,10,0.11,0.0149999,167584006,935
06/30/2020 14:45,11,0.10,0.0150852,167612077,941
06/30/2020 15:00,12,0.07,0.0165586,167616388,961
06/30/2020 15:15,11,0.07,0.0162934,167617034,950
06/30/2020 15:30,12,0.06,0.0164259,167618587,955
06/30/2020 15:45,13,0.06,0.0164534,168250058,956
06/30/2020 16:00,15,0.06,0.0165028,168252873,970
06/30/2020 16:15,16,0.06,0.0166116,168252481,968
06/30/2020 16:30,15,0.06,0.0184457,168254831,979
06/30/2020 16:45,14,0.06,0.018433,168258113,974
06/30/2020 17:00,17,0.06,0.0176302,168258621,982
06/30/2020 17:15,19,0.07,0.0163295,168257938,995
06/30/2020 17:30,21,0.09,0.0179214,168260233,1040
06/30/2020 17:45,22,0.12,0.0188185,168262183,1032
06/30/2020 18:00,24,0.14,0.0211727,168264875,1057
06/30/2020 18:15,25,0.14,0.021451,168266341,1057
06/30/2020 18:30,22,0.14,0.023727,168269081,1060
06/30/2020 18:45,23,0.13,0.022339,168269772,1069
06/30/2020 19:00,22,0.13,0.0240427,168271047,1072
06/30/2020 19:15,20,0.13,0.0234009,168271398,1050
06/30/2020 19:30,20,0.15,0.023456,168272445,1048
06/30/2020 19:45,19,0.15,0.0237609,168273989,1040
06/30/2020 20:00,16,0.15,0.0243518,168275135,1031
06/30/2020 20:15,15,0.14,0.0243822,168275188,1032
06/30/2020 20:30,18,0.14,0.0247029,168276113,1044
06/30/2020 20:45,20,0.14,0.0248089,168474726,1046
06/30/2020 21:00,20,0.13,0.0250724,168475998,1055
06/30/2020 21:15,21,0.13,0.0248725,168477074,1049
06/30/2020 21:30,17,0.13,0.0247429,168478709,1031
06/30/2020 21:45,17,0.13,0.0248063,168483745,1030
06/30/2020 22:00,19,0.13,0.0249667,168484185,1043
06/30/2020 22:15,17,0.13,0.0249274,168401734,1027
06/30/2020 22:30,16,0.14,0.0249918,168402470,1029
06/30/2020 22:45,15,0.14,0.025033,168401185,1021
06/30/2020 23:00,14,0.14,0.0250751,168402188,1023
06/30/2020 23:15,13,0.14,0.0250181,168402914,1021
06/30/2020 23:30,14,0.16,0.0251903,168405093,1024
06/30/2020 23:45,12,0.16,0.0231279,168407430,1009
07/01/2020 00:00,9,0.16,0.0229684,168410477,997
07/01/2020 00:15,9,0.16,0.022915,168451328,993
07/01/2020 00:30,8,0.15,0.0228344,168439339,989
07/01/2020 00:45,7,0.15,0.0228351,168406771,979
07/01/2020 01:00,7,0.15,0.0219408,168395995,976
07/01/2020 01:15,8,0.15,0.021699,168392744,978
07/01/2020 01:30,5,0.14,0.0215896,168417513,968
07/01/2020 01:45,4,0.14,0.0215391,168418587,965
07/01/2020 02:00,4,0.14,0.0215517,168419404,964
07/01/2020 02:15,5,0.14,0.0216096,169092062,968
07/01/2020 02:30,5,0.13,0.0216158,169129968,968
07/01/2020 02:45,6,0.13,0.0216579,169131041,973
07/01/2020 03:00,6,0.13,0.021626,169131681,971
07/01/2020 03:15,6,0.13,0.0216094,169131376,977
07/01/2020 03:30,6,0.13,0.0226692,169131870,967
07/01/2020 03:45,6,0.12,0.0226753,169132437,970
07/01/2020 04:00,5,0.12,0.022624,169132867,965
07/01/2020 04:15,5,0.12,0.022661,169132561,965
07/01/2020 04:30,4,0.12,0.0225932,169132777,962
07/01/2020 04:45,4,0.12,0.0226017,169132959,963
07/01/2020 05:00,4,0.12,0.0226142,169133076,962
07/01/2020 05:15,4,0.12,0.0226184,169132781,963
07/01/2020 05:30,4,0.11,0.0226073,169132962,961
07/01/2020 05:45,5,0.11,0.0227112,169133449,968
07/01/2020 06:00,5,0.11,0.0208546,169133638,961
07/01/2020 06:15,5,0.11,0.0261029,169133324,976
07/01/2020 06:30,5,0.11,0.0260554,169134860,971
07/01/2020 06:45,5,0.11,0.0233754,169135285,976
07/01/2020 07:00,6,0.11,0.0234087,169135179,976
07/01/2020 07:15,7,0.11,0.0236043,169134684,978
07/01/2020 07:30,7,0.11,0.0235312,169134998,968
07/01/2020 07:45,8,0.10,0.0235852,169136192,971
07/01/2020 08:00,7,0.10,0.0235595,169138067,1014
07/01/2020 08:15,7,0.10,0.0235218,169137444,972
07/01/2020 08:30,8,0.10,0.0236474,169138192,999
07/01/2020 08:45,7,0.10,0.02395,169139830,978
07/01/2020 09:00,6,0.10,0.0237198,169141511,969
07/01/2020 09:15,7,0.10,0.0238261,169142341,971
07/01/2020 09:30,7,0.10,0.0237723,169144351,973
07/01/2020 09:45,8,0.10,0.0243942,169158508,987
07/01/2020 10:00,9,0.10,0.0244247,169160354,989
07/01/2020 10:15,9,0.10,0.0244624,169157959,990
07/01/2020 10:30,8,0.10,0.0239126,169158784,992
07/01/2020 10:45,9,0.10,0.0238491,169159605,1003
07/01/2020 11:00,9,0.10,0.0238264,169220841,995
07/01/2020 11:15,8,0.10,0.0232555,169222705,984
07/01/2020 11:30,8,0.09,0.0231266,169224085,981
07/01/2020 11:45,8,0.09,0.0231345,169224272,983
07/01/2020 12:00,10,0.09,0.0232306,169225498,985
07/01/2020 12:15,10,0.09,0.023364,169228319,997
07/01/2020 12:30,9,0.09,0.0232371,169230659,982
07/01/2020 12:45,11,0.09,0.023324,169232201,988
07/01/2020 13:00,12,0.09,0.0234096,169233878,992
07/01/2020 13:15,13,0.09,0.0235454,169235583,1006
07/01/2020 13:30,14,0.09,0.024177,169237188,1006
07/01/2020 13:45,15,0.09,0.0227828,169238625,996
07/01/2020 14:00,15,0.09,0.0215783,169239473,992
07/01/2020 14:15,14,0.09,0.0240708,169241537,1011
07/01/2020 14:30,12,0.09,0.0253069,169247876,1003
07/01/2020 14:45,12,0.09,0.0261196,169250020,1015
07/01/2020 15:00,12,0.09,0.0239157,169252461,998
07/01/2020 15:15,11,0.09,0.0238477,169255994,997
07/01/2020 15:30,11,0.09,0.0238021,169258764,995
07/01/2020 15:45,11,0.09,0.0240249,169262682,990
07/01/2020 16:00,14,0.09,0.0240867,169264613,1004
07/01/2020 16:15,15,0.09,0.0241877,169266139,1008
07/01/2020 16:30,16,0.09,0.0243491,169267984,1019
07/01/2020 16:45,13,0.09,0.0241582,169269197,1005
07/01/2020 17:00,14,0.09,0.0241502,169270593,1007
07/01/2020 17:15,14,0.09,0.0242281,169272435,1005
07/01/2020 17:30,13,0.08,0.0250484,169274148,1006
07/01/2020 17:45,10,0.08,0.0249332,169274981,994
07/01/2020 18:00,11,0.08,0.0263551,169268335,1007
07/01/2020 18:15,11,0.08,0.0275221,169268234,1018
07/01/2020 18:30,12,0.08,0.0274116,169270594,1020
07/01/2020 18:45,13,0.08,0.0272179,169272332,1027
07/01/2020 19:00,13,0.08,0.0283256,169276706,1033
07/01/2020 19:15,13,0.08,0.0283876,169278338,1041
07/01/2020 19:30,14,0.08,0.0284967,169282079,1080
07/01/2020 19:45,14,0.08,0.0286811,169283156,1030
07/01/2020 20:00,14,0.09,0.0258732,169284050,1012
07/01/2020 20:15,12,0.09,0.0285569,169285878,1052
07/01/2020 20:30,13,0.09,0.0287347,169290888,1053
07/01/2020 20:45,13,0.09,0.0292943,169292054,1137
07/01/2020 21:00,14,0.09,0.0296806,169293587,1116
07/01/2020 21:15,14,0.09,0.0299176,169283553,1061
07/01/2020 21:30,15,0.09,0.029168,169284979,1061
07/01/2020 21:45,12,0.09,0.0291445,169285470,1083
07/01/2020 22:00,14,0.09,0.0300444,169286015,1095
07/01/2020 22:15,17,0.09,0.0318664,169284562,1092
07/01/2020 22:30,17,0.09,0.0315886,169197025,1090
07/01/2020 22:45,17,0.09,0.0309751,169193137,1084
07/01/2020 23:00,17,0.09,0.0306567,169154792,1075
07/01/2020 23:15,16,0.09,0.0301409,169160616,1059
07/01/2020 23:30,14,0.09,0.0291027,169163520,1022
07/01/2020 23:45,14,0.09,0.0292691,169164639,1023
07/02/2020 00:00,13,0.09,0.02912,169165344,1022
07/02/2020 00:15,11,0.09,0.0290429,169164656,1020
07/02/2020 00:30,11,0.09,0.0290303,169142763,1013
07/02/2020 00:45,9,0.09,0.0289419,169138853,1011
07/02/2020 01:00,8,0.09,0.0289183,169135210,1003
07/02/2020 01:15,8,0.09,0.0288963,169135552,1002
07/02/2020 01:30,7,0.09,0.0288965,169159980,1003
07/02/2020 01:45,6,0.08,0.0287612,169161828,991
07/02/2020 02:00,6,0.08,0.028774,169162625,992
07/02/2020 02:15,5,0.08,0.0272493,169172413,983
07/02/2020 02:30,4,0.08,0.0269057,169209962,979
07/02/2020 02:45,4,0.08,0.0268842,169211444,979
07/02/2020 03:00,4,0.08,0.0268972,169212819,978
07/02/2020 03:15,4,0.08,0.0269024,169214886,980
07/02/2020 03:30,4,0.08,0.0268602,169215656,978
07/02/2020 03:45,4,0.08,0.0268677,169216786,983
07/02/2020 04:00,4,0.08,0.0268831,169217319,983
07/02/2020 04:15,3,0.08,0.0268552,169217921,981
07/02/2020 04:30,3,0.08,0.0268426,169217694,981
07/02/2020 04:45,3,0.08,0.0268347,169218137,980
07/02/2020 05:00,3,0.08,0.0268495,169218977,984
07/02/2020 05:15,4,0.08,0.0269238,169219398,990
07/02/2020 05:30,5,0.08,0.0269528,169219600,994
07/02/2020 05:45,6,0.08,0.0269735,169219830,993
07/02/2020 06:00,6,0.08,0.0269428,169220148,994
07/02/2020 06:15,5,0.08,0.0269201,169221555,990
07/02/2020 06:30,5,0.08,0.0269111,169221199,989
07/02/2020 06:45,6,0.08,0.0269202,169221583,990
07/02/2020 07:00,5,0.08,0.0268806,169221962,989
07/02/2020 07:15,6,0.08,0.0269805,169222613,996
07/02/2020 07:30,8,0.08,0.0271371,169222544,1006
07/02/2020 07:45,8,0.08,0.027047,169222803,990
07/02/2020 08:00,7,0.08,0.0274254,169223825,994
07/02/2020 08:15,8,0.08,0.0271119,169224310,997
07/02/2020 08:30,8,0.08,0.0271137,169224866,1000
07/02/2020 08:45,9,0.08,0.0278766,169225472,1019
07/02/2020 09:00,6,0.08,0.0277182,169226604,1000
07/02/2020 09:15,7,0.08,0.0283215,169227446,1015
07/02/2020 09:30,8,0.08,0.0307465,169225420,1036
07/02/2020 09:45,8,0.08,0.0296302,169227038,1025
07/02/2020 10:00,10,0.08,0.0302434,169227838,1037
07/02/2020 10:15,11,0.08,0.0302215,169231309,1038
07/02/2020 10:30,19,0.07,0.0299024,169231920,1063
07/02/2020 10:45,20,0.07,0.0280716,169232974,1058
07/02/2020 11:00,19,0.07,0.0276442,169234550,1047
07/02/2020 11:15,20,0.07,0.0278298,169238365,1044
07/02/2020 11:30,22,0.07,0.0297233,169243685,1071
07/02/2020 11:45,23,0.07,0.0297108,169307747,1069
07/02/2020 12:00,22,0.07,0.0298522,169428057,1071
07/02/2020 12:15,22,0.07,0.0298224,169470012,1058
07/02/2020 12:30,22,0.07,0.0318789,169468472,1077
07/02/2020 12:45,23,0.07,0.0320035,169419225,1080
07/02/2020 13:00,23,0.07,0.0320725,169421281,1086
07/02/2020 13:15,24,0.07,0.033714,169422900,1116
07/02/2020 13:30,22,0.07,0.0335736,169422526,1089
07/02/2020 13:45,20,0.07,0.0335577,169429885,1084
07/02/2020 14:00,20,0.07,0.032515,169446488,1085
07/02/2020 14:15,22,0.07,0.0324049,169451848,1081
07/02/2020 14:30,22,0.07,0.0324302,169466279,1082
07/02/2020 14:45,22,0.07,0.0352374,169495766,1107
07/02/2020 15:00,25,0.07,0.033629,169527449,1112
07/02/2020 15:15,26,0.07,0.0330794,170713676,1102
07/02/2020 15:30,26,0.07,0.0327659,170760912,1104
07/02/2020 15:45,27,0.07,0.0341516,170710674,1152
07/02/2020 16:00,25,0.07,0.0325708,170714068,1109
07/02/2020 16:15,23,0.08,0.0325196,170717114,1088
07/02/2020 16:30,23,0.08,0.0316716,170717443,1115
07/02/2020 16:45,22,0.08,0.0316741,170718424,1087
07/02/2020 17:00,24,0.08,0.0319412,170719433,1101
07/02/2020 17:15,24,0.08,0.0301127,170721743,1083
07/02/2020 17:30,25,0.08,0.0301958,170721139,1093
07/02/2020 17:45,24,0.08,0.0308555,170722324,1102
07/02/2020 18:00,25,0.08,0.0320145,170724941,1128
07/02/2020 18:15,22,0.08,0.0317177,170725966,1123
07/02/2020 18:30,23,0.08,0.0312965,170724122,1105
07/02/2020 18:45,21,0.08,0.0311145,170726137,1085
07/02/2020 19:00,20,0.08,0.0308569,170780391,1077
07/02/2020 19:15,21,0.08,0.0309068,170854904,1081
07/02/2020 19:30,22,0.08,0.0865917,170929907,1129
07/02/2020 19:45,23,0.08,0.0307567,171041241,1089
07/02/2020 20:00,23,0.08,0.0307481,171091504,1088
07/02/2020 20:15,22,0.08,0.030744,171092733,1080
07/02/2020 20:30,22,0.08,0.0307423,171096356,1078
07/02/2020 20:45,21,0.08,0.0307187,171097296,1077
07/02/2020 21:00,22,0.08,0.0321795,171098093,1086
07/02/2020 21:15,21,0.08,0.0328316,171099193,1088
07/02/2020 21:30,21,0.08,0.0328828,171099623,1091
07/02/2020 21:45,22,0.08,0.0331865,171100815,1101
07/02/2020 22:00,20,0.08,0.0330365,171102701,1092
07/02/2020 22:15,17,0.08,0.0329051,171104766,1085
07/02/2020 22:30,16,0.08,0.0328393,171028486,1074
07/02/2020 22:45,15,0.08,0.0339696,171030759,1120
07/02/2020 23:00,14,0.08,0.0326381,171002011,1089
07/02/2020 23:15,12,0.08,0.0314681,171005307,1044
07/02/2020 23:30,13,0.08,0.0314703,171007734,1035
07/02/2020 23:45,13,0.08,0.0315462,171010809,1036
07/03/2020 00:00,14,0.08,0.0316125,171013953,1042
07/03/2020 00:15,14,0.08,0.0315591,171012247,1045
07/03/2020 00:30,12,0.08,0.0314994,171016501,1028
07/03/2020 00:45,10,0.08,0.0314306,170945791,1024
07/03/2020 01:00,9,0.08,0.0313262,170916363,1024
07/03/2020 01:15,10,0.08,0.0314547,170894506,1024
07/03/2020 01:30,10,0.08,0.031361,170915028,1022
07/03/2020 01:45,10,0.08,0.0300554,170913762,1018
07/03/2020 02:00,9,0.08,0.0300576,170914775,1016
07/03/2020 02:15,9,0.08,0.0300622,170920920,1011
07/03/2020 02:30,8,0.08,0.0300012,170959955,1008
07/03/2020 02:45,8,0.08,0.0299388,170961074,1008
07/03/2020 03:00,8,0.08,0.0299568,170962470,1012
07/03/2020 03:15,7,0.08,0.02991,170963324,1007
07/03/2020 03:30,7,0.07,0.0301748,170962867,1007
07/03/2020 03:45,7,0.07,0.0301423,170964206,1005
07/03/2020 04:00,6,0.07,0.0301186,170968474,1008
07/03/2020 04:15,7,0.07,0.0301871,170969215,1009
07/03/2020 04:30,7,0.07,0.0300729,170969618,1006
07/03/2020 04:45,6,0.07,0.030068,170970229,1004
07/03/2020 05:00,6,0.07,0.0300166,170970983,1003
07/03/2020 05:15,5,0.07,0.0299543,170971718,999
07/03/2020 05:30,4,0.07,0.0299031,170972129,994
07/03/2020 05:45,4,0.07,0.0298644,170972909,991
07/03/2020 06:00,5,0.07,0.031534,170973797,1011
07/03/2020 06:15,5,0.07,0.0314987,170974986,1007
07/03/2020 06:30,4,0.07,0.0301729,170974935,994
07/03/2020 06:45,4,0.07,0.0301423,170975728,996
07/03/2020 07:00,3,0.07,0.0300956,170977422,996
07/03/2020 07:15,3,0.07,0.0301026,170978413,991
07/03/2020 07:30,3,0.07,0.0300992,170978856,994
07/03/2020 07:45,3,0.07,0.0301739,170979408,991
07/03/2020 08:00,5,0.07,0.0309227,170980841,1012
07/03/2020 08:15,7,0.07,0.0311516,170981845,1018
07/03/2020 08:30,7,0.07,0.0310748,170984785,1012
07/03/2020 08:45,6,0.07,0.0318594,170987271,1019
07/03/2020 09:00,7,0.07,0.031096,170991044,1017
07/03/2020 09:15,7,0.07,0.0310725,170993559,1011
07/03/2020 09:30,6,0.07,0.0310131,170995744,1008
07/03/2020 09:45,7,0.07,0.0320875,170999811,1021
07/03/2020 10:00,10,0.07,0.0326043,171003448,1035
07/03/2020 10:15,11,0.07,0.0326365,171007057,1043
07/03/2020 10:30,14,0.07,0.0330034,171008311,1059
07/03/2020 10:45,14,0.07,0.0334158,171011851,1062
07/03/2020 11:00,13,0.07,0.033597,171014623,1062
07/03/2020 11:15,14,0.07,0.0336983,171017000,1077
07/03/2020 11:30,14,0.07,0.0338114,171019997,1072
07/03/2020 11:45,15,0.07,0.0325146,171026683,1078
07/03/2020 12:00,15,0.07,0.0327496,171028666,1065
07/03/2020 12:15,15,0.07,0.0326966,171032704,1064
07/03/2020 12:30,17,0.07,0.03275,171033391,1073
07/03/2020 12:45,17,0.07,0.0327072,171035726,1071
07/03/2020 13:00,20,0.07,0.0329273,171036572,1090
07/03/2020 13:15,20,0.07,0.0331358,171039331,1102
07/03/2020 13:30,23,0.07,0.0350941,171042364,1118
07/03/2020 13:45,21,0.07,0.0351397,171043277,1113
07/03/2020 14:00,20,0.07,0.0352786,171045878,1103
07/03/2020 14:15,20,0.07,0.0344122,171052634,1096
07/03/2020 14:30,19,0.07,0.034353,171053295,1092
07/03/2020 14:45,24,0.07,0.0349643,171061336,1112
07/03/2020 15:00,25,0.07,0.0349542,171059297,1115
07/03/2020 15:15,26,0.07,0.0347279,171061150,1121
07/03/2020 15:30,29,0.07,0.0357523,171062687,1137
07/03/2020 15:45,29,0.08,0.0349461,171065057,1132
07/03/2020 16:00,30,0.08,0.0345096,171065693,1128
07/03/2020 16:15,32,0.08,0.034343,171068743,1144
07/03/2020 16:30,32,0.08,0.0344873,171070839,1172
07/03/2020 16:45,32,0.08,0.0344538,171072618,1146
07/03/2020 17:00,31,0.08,0.0354078,171074668,1162
07/03/2020 17:15,32,0.08,0.0347845,171077061,1155
07/03/2020 17:30,31,0.08,0.0347435,171077975,1156
07/03/2020 17:45,29,0.08,0.0351767,171079017,1148
07/03/2020 18:00,28,0.08,0.0355833,171080644,1149
07/03/2020 18:15,26,0.08,0.0350418,171084005,1145
07/03/2020 18:30,23,0.08,0.0363275,171085980,1132
07/03/2020 18:45,24,0.08,0.0365357,171087467,1148
07/03/2020 19:00,24,0.08,0.0364614,171090473,1143
07/03/2020 19:15,24,0.08,0.036517,171091546,1130
07/03/2020 19:30,24,0.08,0.0365664,171093829,1129
07/03/2020 19:45,25,0.08,0.0366708,171097437,1132
07/03/2020 20:00,26,0.08,0.0367203,171099146,1138
07/03/2020 20:15,25,0.08,0.0366922,171102908,1132
07/03/2020 20:30,24,0.08,0.0367256,171106396,1128
07/03/2020 20:45,22,0.08,0.0365644,171109575,1117
07/03/2020 21:00,24,0.08,0.0377447,171110956,1130
07/03/2020 21:15,23,0.08,0.0377373,171111696,1130
07/03/2020 21:30,22,0.08,0.0376162,171111522,1124
07/03/2020 21:45,23,0.08,0.0378635,171111808,1131
07/03/2020 22:00,24,0.08,0.0386515,171112966,1161
07/03/2020 22:15,23,0.08,0.0389498,171114732,1143
07/03/2020 22:30,22,0.08,0.039017,170940178,1139
07/03/2020 22:45,19,0.08,0.0386258,168993318,1134
07/03/2020 23:00,16,0.08,0.0385885,168872197,1115
07/03/2020 23:15,16,0.08,0.0385576,168877290,1106
07/03/2020 23:30,14,0.08,0.0385535,168878988,1104
07/03/2020 23:45,14,0.08,0.0385671,168886727,1104
07/04/2020 00:00,15,0.08,0.0386325,168900460,1111
07/04/2020 00:15,12,0.08,0.0381751,168870702,1093
07/04/2020 00:30,13,0.08,0.0381549,168863695,1092
07/04/2020 00:45,12,0.08,0.0363258,168851150,1074
07/04/2020 01:00,9,0.08,0.0362108,168849930,1082
07/04/2020 01:15,8,0.08,0.0361075,168848920,1060
07/04/2020 01:30,7,0.08,0.0361002,168869074,1057
07/04/2020 01:45,7,0.08,0.0362019,168869942,1057
07/04/2020 02:00,6,0.08,0.0361689,168870647,1051
07/04/2020 02:15,6,0.08,0.0351165,168879950,1050
07/04/2020 02:30,6,0.08,0.0351031,168899601,1046
07/04/2020 02:45,6,0.08,0.0351248,168917826,1045
07/04/2020 03:00,6,0.08,0.0351603,168919567,1045
07/04/2020 03:15,5,0.08,0.0358771,168921443,1052
07/04/2020 03:30,5,0.08,0.035667,168922427,1053
07/04/2020 03:45,5,0.08,0.0354261,168923593,1049
07/04/2020 04:00,5,0.08,0.0362009,168925483,1060
07/04/2020 04:15,5,0.08,0.0369296,168926900,1067
07/04/2020 04:30,6,0.08,0.037669,168928279,1080
07/04/2020 04:45,6,0.08,0.0382233,168929757,1085
07/04/2020 05:00,6,0.08,0.0389694,168931364,1092
07/04/2020 05:15,6,0.08,0.0387344,168932467,1091
07/04/2020 05:30,7,0.08,0.0388412,168933914,1093
07/04/2020 05:45,7,0.08,0.0388288,168935576,1096
07/04/2020 06:00,7,0.08,0.0399844,168937421,1110
07/04/2020 06:15,7,0.08,0.0400912,168938233,1118
07/04/2020 06:30,7,0.08,0.0400248,168939809,1113
07/04/2020 06:45,6,0.08,0.0399645,168941127,1108
07/04/2020 07:00,8,0.08,0.0400513,168943072,1116
07/04/2020 07:15,8,0.08,0.0399074,168944016,1110
07/04/2020 07:30,8,0.08,0.0399525,168945335,1113
07/04/2020 07:45,9,0.08,0.0400217,168946274,1117
07/04/2020 08:00,9,0.08,0.0422499,168947257,1135
07/04/2020 08:15,10,0.08,0.0417729,168949386,1134
07/04/2020 08:30,10,0.08,0.0418858,168958193,1139
07/04/2020 08:45,11,0.09,0.0404579,168960421,1125
07/04/2020 09:00,13,0.09,0.0406234,168962284,1134
07/04/2020 09:15,12,0.09,0.0423006,168961589,1151
07/04/2020 09:30,13,0.09,0.0416996,169010242,1145
07/04/2020 09:45,12,0.10,0.0417115,169012222,1146
07/04/2020 10:00,12,0.10,0.0425187,169064520,1160
07/04/2020 10:15,12,0.10,0.0421517,168985497,1166
07/04/2020 10:30,13,0.10,0.0419851,168988002,1166
07/04/2020 10:45,14,0.10,0.0422258,168996853,1171
07/04/2020 11:00,16,0.10,0.0429103,168997830,1192
07/04/2020 11:15,16,0.10,0.0424083,168998255,1182
07/04/2020 11:30,17,0.10,0.0424448,168999663,1180
07/04/2020 11:45,18,0.10,0.0442153,169000115,1199
07/04/2020 12:00,17,0.10,0.0440368,169001724,1190
07/04/2020 12:15,17,0.10,0.0441178,169001897,1191
07/04/2020 12:30,18,0.10,0.0441735,169004051,1194
07/04/2020 12:45,19,0.10,0.0463668,169016276,1210
07/04/2020 13:00,21,0.10,0.0469076,169091975,1217
07/04/2020 13:15,21,0.10,0.0474258,169166050,1220
07/04/2020 13:30,21,0.10,0.0470947,169242823,1210
07/04/2020 13:45,22,0.10,0.0471717,169319536,1214
07/04/2020 14:00,21,0.10,0.047099,169322352,1205
07/04/2020 14:15,19,0.10,0.0471375,169321965,1211
07/04/2020 14:30,21,0.10,0.0462915,169324044,1207
07/04/2020 14:45,21,0.10,0.0457612,169326898,1207
07/04/2020 15:00,21,0.10,0.0470461,169327669,1217
07/04/2020 15:15,22,0.10,0.047193,169332926,1223
07/04/2020 15:30,23,0.10,0.0473136,169333715,1225
07/04/2020 15:45,22,0.10,0.0472375,169335134,1222
07/04/2020 16:00,21,0.10,0.048229,169335647,1212
07/04/2020 16:15,23,0.10,0.0442292,169337635,1207
07/04/2020 16:30,23,0.10,0.044025,169338496,1198
07/04/2020 16:45,21,0.10,0.0383246,169338854,1124
07/04/2020 17:00,22,0.10,0.0393016,169339189,1148
07/04/2020 17:15,21,0.10,0.0404144,169338707,1158
07/04/2020 17:30,23,0.10,0.0406061,169339941,1135
07/04/2020 17:45,24,0.10,0.0407013,169339866,1146
07/04/2020 18:00,22,0.10,0.0405755,169339997,1146
07/04/2020 18:15,25,0.10,0.0408243,169341138,1158
07/04/2020 18:30,24,0.10,0.0423274,169343570,1165
07/04/2020 18:45,24,0.10,0.0426495,169343964,1207
07/04/2020 19:00,22,0.10,0.0395676,169344579,1157
07/04/2020 19:15,21,0.10,0.0395678,169344472,1149
07/04/2020 19:30,21,0.10,0.0395777,169346136,1154
07/04/2020 19:45,21,0.10,0.0407907,169348534,1158
07/04/2020 20:00,24,0.10,0.0409557,169351343,1168
07/04/2020 20:15,22,0.10,0.0406836,169353026,1148
07/04/2020 20:30,23,0.10,0.0398131,169356891,1153
07/04/2020 20:45,23,0.10,0.0412341,169358961,1159
07/04/2020 21:00,25,0.10,0.0397519,169361043,1166
07/04/2020 21:15,22,0.10,0.0395259,169363574,1152
07/04/2020 21:30,22,0.10,0.0398726,169366881,1160
07/04/2020 21:45,23,0.10,0.0400468,169368435,1155
07/04/2020 22:00,21,0.10,0.0395532,169373058,1147
07/04/2020 22:15,21,0.10,0.0395867,169297992,1144
07/04/2020 22:30,20,0.10,0.0395331,169299590,1138
07/04/2020 22:45,21,0.10,0.0387791,169280196,1139
07/04/2020 23:00,18,0.10,0.0373472,169282127,1119
07/04/2020 23:15,19,0.10,0.037101,169284839,1116
07/04/2020 23:30,21,0.10,0.0371839,169286752,1125
07/04/2020 23:45,20,0.10,0.0372334,169287218,1128
07/05/2020 00:00,17,0.10,0.037045,169291263,1111
07/05/2020 00:15,15,0.10,0.0369508,169298449,1109
07/05/2020 00:30,15,0.10,0.0374805,169285712,1105
07/05/2020 00:45,15,0.10,0.0374283,169243137,1091
07/05/2020 01:00,16,0.10,0.0374586,169243654,1094
07/05/2020 01:15,14,0.10,0.0373847,169243708,1088
07/05/2020 01:30,15,0.10,0.0374136,169267479,1090
07/05/2020 01:45,14,0.10,0.0375864,169267765,1089
07/05/2020 02:00,14,0.10,0.0375292,169268260,1085
07/05/2020 02:15,11,0.10,0.0367273,169276851,1067
07/05/2020 02:30,10,0.10,0.0364386,169314645,1051
07/05/2020 02:45,10,0.10,0.0364198,169314835,1051
07/05/2020 03:00,10,0.10,0.036338,169315288,1047
07/05/2020 03:15,11,0.10,0.0364012,169315415,1055
07/05/2020 03:30,10,0.10,0.036309,169315809,1047
07/05/2020 03:45,10,0.10,0.0363333,169315969,1047
07/05/2020 04:00,10,0.10,0.0363028,169316167,1046
07/05/2020 04:15,10,0.10,0.0363973,169316176,1053
07/05/2020 04:30,10,0.10,0.0363334,169316728,1052
07/05/2020 04:45,10,0.10,0.0363156,169316624,1049
07/05/2020 05:00,8,0.10,0.0362873,169317364,1049
07/05/2020 05:15,8,0.10,0.0362329,169317300,1045
07/05/2020 05:30,8,0.10,0.0362419,169317511,1042
07/05/2020 05:45,8,0.10,0.0357029,169317566,1040
07/05/2020 06:00,8,0.09,0.0354634,169317887,1037
07/05/2020 06:15,8,0.09,0.0354404,169317783,1036
07/05/2020 06:30,5,0.09,0.035316,169318446,1025
07/05/2020 06:45,6,0.09,0.035328,169318567,1031
07/05/2020 07:00,6,0.09,0.0353111,169318891,1028
07/05/2020 07:15,5,0.09,0.0352802,169318736,1023
07/05/2020 07:30,6,0.09,0.0353104,169318928,1026
07/05/2020 07:45,5,0.09,0.0352417,169318695,1027
07/05/2020 08:00,5,0.09,0.0352491,169319101,1024
07/05/2020 08:15,5,0.09,0.0369094,169319329,1046
07/05/2020 08:30,5,0.09,0.0369903,169321083,1053
07/05/2020 08:45,5,0.09,0.0374095,169321243,1052
07/05/2020 09:00,8,0.09,0.0386606,169321463,1064
07/05/2020 09:15,6,0.09,0.0386583,169322062,1058
07/05/2020 09:30,6,0.09,0.0388103,169322564,1053
07/05/2020 09:45,8,0.09,0.0389034,169322696,1044
07/05/2020 10:00,10,0.09,0.0390502,169323162,1062
07/05/2020 10:15,12,0.09,0.0390659,169321832,1060
07/05/2020 10:30,11,0.09,0.0406986,169323181,1082
07/05/2020 10:45,14,0.09,0.0406512,169323488,1079
07/05/2020 11:00,15,0.09,0.0421611,169325887,1094
07/05/2020 11:15,15,0.09,0.0417337,169326165,1088
07/05/2020 11:30,20,0.09,0.042459,169326249,1119
07/05/2020 11:45,17,0.09,0.0405042,169329047,1093
07/05/2020 12:00,17,0.09,0.0405632,169331259,1096
07/05/2020 12:15,17,0.09,0.0406081,169332668,1101
07/05/2020 12:30,17,0.09,0.0406457,169335580,1110
07/05/2020 12:45,20,0.09,0.0408767,169343136,1106
07/05/2020 13:00,18,0.09,0.0407527,169346036,1092
07/05/2020 13:15,17,0.10,0.0391664,169348776,1087
07/05/2020 13:30,21,0.10,0.039404,169352794,1100
07/05/2020 13:45,25,0.10,0.0392675,169355413,1130
07/05/2020 14:00,26,0.10,0.0392868,169362035,1130
07/05/2020 14:15,26,0.10,0.03926,169365887,1132
07/05/2020 14:30,25,0.11,0.0391961,169369801,1123
07/05/2020 14:45,26,0.11,0.0420262,169370326,1143
07/05/2020 15:00,24,0.11,0.043137,169373027,1147
07/05/2020 15:15,24,0.11,0.0431991,169381430,1140
07/05/2020 15:30,26,0.11,0.0433497,169397136,1147
07/05/2020 15:45,28,0.12,0.0430658,169393197,1143
07/05/2020 16:00,29,0.12,0.0431603,169388939,1160
07/05/2020 16:15,27,0.12,0.0429798,169443320,1139
07/05/2020 16:30,27,0.12,0.0417902,169480097,1131
07/05/2020 16:45,28,0.13,0.0418968,169534949,1133
07/05/2020 17:00,30,0.13,0.0454145,169547811,1172
07/05/2020 17:15,27,0.13,0.0452669,169553583,1154
07/05/2020 17:30,28,0.13,0.045827,169567804,1153
07/05/2020 17:45,30,0.13,0.0446782,169568060,1152
07/05/2020 18:00,30,0.14,0.0446148,169595044,1155
07/05/2020 18:15,31,0.14,0.0456209,169577172,1158
07/05/2020 18:30,31,0.14,0.0427571,169582256,1150
07/05/2020 18:45,32,0.14,0.0425581,169585366,1144
07/05/2020 19:00,29,0.15,0.0423673,169589751,1132
07/05/2020 19:15,29,0.15,0.0422783,169594347,1128
07/05/2020 19:30,29,0.15,0.0424419,169599235,1132
07/05/2020 19:45,32,0.15,0.0427591,169604260,1146
07/05/2020 20:00,30,0.15,0.0426021,169609996,1133
07/05/2020 20:15,30,0.16,0.0432586,169614846,1145
07/05/2020 20:30,29,0.16,0.0432779,169619845,1143
07/05/2020 20:45,30,0.16,0.0426289,169623641,1140
07/05/2020 21:00,32,0.16,0.0413781,169651450,1142
07/05/2020 21:15,34,0.16,0.0405117,169668981,1154
07/05/2020 21:30,34,0.17,0.0417665,169671834,1165
07/05/2020 21:45,30,0.17,0.0415661,169676784,1148
07/05/2020 22:00,29,0.17,0.0413973,169679611,1138
07/05/2020 22:15,30,0.17,0.0415624,169579687,1145
07/05/2020 22:30,30,0.17,0.0418145,169584642,1155
07/05/2020 22:45,27,0.18,0.0426689,169584275,1152
07/05/2020 23:00,27,0.18,0.0416566,169591125,1140
07/05/2020 23:15,27,0.18,0.0417955,169599501,1141
07/05/2020 23:30,25,0.18,0.0417205,169607119,1135
07/05/2020 23:45,26,0.18,0.0417328,169609275,1138
07/06/2020 00:00,26,0.18,0.0416399,169615455,1142
07/06/2020 00:15,24,0.19,0.0433487,169619181,1154
07/06/2020 00:30,24,0.19,0.0447763,169621111,1159
07/06/2020 00:45,20,0.19,0.0454851,169608563,1150
07/06/2020 01:00,21,0.19,0.0456341,169597493,1148
07/06/2020 01:15,20,0.19,0.0458897,169593252,1143
07/06/2020 01:30,18,0.19,0.0441423,169619752,1129
07/06/2020 01:45,18,0.20,0.0441487,169622370,1130
07/06/2020 02:00,15,0.20,0.044092,169625377,1119
07/06/2020 02:15,14,0.20,0.043936,169636482,1112
07/06/2020 02:30,11,0.20,0.0436248,169677864,1097
07/06/2020 02:45,12,0.20,0.043639,169680849,1100
07/06/2020 03:00,11,0.21,0.0436583,169683546,1093
07/06/2020 03:15,11,0.21,0.0437374,169686529,1095
07/06/2020 03:30,11,0.21,0.0442117,169690001,1088
07/06/2020 03:45,10,0.21,0.0439951,169692505,1081
07/06/2020 04:00,10,0.21,0.0433182,169696387,1086
07/06/2020 04:15,10,0.21,0.0426728,169697880,1080
07/06/2020 04:30,10,0.21,0.0426276,169700789,1077
07/06/2020 04:45,10,0.21,0.0427023,169703730,1073
07/06/2020 05:00,10,0.21,0.0426395,169706702,1089
07/06/2020 05:15,9,0.21,0.0415156,169709503,1087
07/06/2020 05:30,10,0.21,0.0411633,169712247,1080
07/06/2020 05:45,10,0.21,0.0397814,169715603,1078
07/06/2020 06:00,10,0.21,0.0392635,169718705,1055
07/06/2020 06:15,10,0.21,0.0392435,169721439,1053
07/06/2020 06:30,11,0.21,0.0392874,169723554,1061
07/06/2020 06:45,10,0.21,0.0410287,169727219,1244
07/06/2020 07:00,10,0.21,0.0410086,169730186,1071
07/06/2020 07:15,9,0.21,0.0409082,169732879,1062
07/06/2020 07:30,9,0.21,0.0414097,169735863,1070
07/06/2020 07:45,12,0.21,0.0415182,169738129,1079
07/06/2020 08:00,13,0.21,0.0415401,169740525,1080
07/06/2020 08:15,16,0.22,0.043953,169742084,1114
07/06/2020 08:30,17,0.22,0.0444149,169743586,1110
07/06/2020 08:45,19,0.22,0.0447262,169751735,1127
07/06/2020 09:00,19,0.23,0.0436388,169753109,1116
07/06/2020 09:15,19,0.23,0.0441172,169754575,1123
07/06/2020 09:30,19,0.23,0.044076,169755910,1128
07/06/2020 09:45,21,0.24,0.0437514,169757571,1121
07/06/2020 10:00,23,0.24,0.0439569,169760227,1126
07/06/2020 10:15,26,0.24,0.04604,169762740,1159
07/06/2020 10:30,29,0.24,0.0466267,169763194,1176
07/06/2020 10:45,32,0.24,0.0469504,169770541,1194
07/06/2020 11:00,32,0.24,0.0459984,169768943,1182
07/06/2020 11:15,35,0.25,0.0460384,169772039,1200
07/06/2020 11:30,31,0.25,0.04604,169779035,1201
07/06/2020 11:45,33,0.25,0.0455467,169788762,1207
07/06/2020 12:00,35,0.26,0.0464708,169788816,1228
07/06/2020 12:15,38,0.26,0.0491727,169793146,1197
07/06/2020 12:30,41,0.26,0.0484201,169793717,1223
07/06/2020 12:45,41,0.26,0.0490247,169783199,1238
07/06/2020 13:00,40,0.27,0.0478505,169793092,1237
07/06/2020 13:15,37,0.27,0.0499069,169814320,1232
07/06/2020 13:30,40,0.27,0.05264,169825451,1279
07/06/2020 13:45,41,0.27,0.0532371,169835035,1276
07/06/2020 14:00,40,0.27,0.0538402,169843884,1272
07/06/2020 14:15,38,0.27,0.0536285,169848522,1275
07/06/2020 14:30,41,0.28,0.0524298,169855041,1263
07/06/2020 14:45,41,0.28,0.0523835,169858247,1269
07/06/2020 15:00,43,0.28,0.0526422,169854940,1325
07/06/2020 15:15,49,0.29,0.0530881,169875473,1307
07/06/2020 15:30,50,0.29,0.0534322,169862218,1311
07/06/2020 15:45,52,0.29,0.0534903,169878639,1326
07/06/2020 16:00,50,0.30,0.053572,169898683,1328
07/06/2020 16:15,52,0.30,0.053781,169913600,1343
07/06/2020 16:30,55,0.30,0.0542384,169914416,1358
07/06/2020 16:45,54,0.31,0.0522593,169921961,1407
07/06/2020 17:00,48,0.31,0.103341,169921933,1343
07/06/2020 17:15,47,0.31,0.103987,169932062,1368
07/06/2020 17:30,45,0.31,0.103938,169959298,1352
07/06/2020 17:45,50,0.31,0.103519,170033736,1405
07/06/2020 18:00,49,0.31,0.105787,170039263,1379
07/06/2020 18:15,50,0.31,0.105846,170052294,1378
07/06/2020 18:30,47,0.31,0.108881,170073711,1435
07/06/2020 18:45,47,0.31,0.109539,170093865,1401
07/06/2020 19:00,49,0.31,0.107775,170094976,1424
07/06/2020 19:15,48,0.31,0.10645,170107716,1374
07/06/2020 19:30,49,0.31,0.106949,170114298,1387
07/06/2020 19:45,52,0.31,0.106732,170054175,1420
07/06/2020 20:00,51,0.31,0.106743,170073302,1414
07/06/2020 20:15,53,0.32,0.0536467,170084590,1407
07/06/2020 20:30,51,0.32,0.0533673,170102370,1376
07/06/2020 20:45,53,0.32,0.433421,170111091,1403
07/06/2020 21:00,56,0.32,0.448478,170129665,1469
07/06/2020 21:15,55,0.33,0.448392,170149568,1447
07/06/2020 21:30,57,0.33,0.448588,170150023,1436
07/06/2020 21:45,55,0.33,0.448667,170167719,1425
07/06/2020 22:00,53,0.33,0.447467,170181981,1376
07/06/2020 22:15,51,0.34,0.447591,170111409,1380
07/06/2020 22:30,51,0.34,0.44837,170029537,1382
07/06/2020 22:45,50,0.34,0.448605,170042976,1386
07/06/2020 23:00,49,0.35,0.448455,170026017,1396
07/06/2020 23:15,50,0.35,0.448745,170042582,1402
07/06/2020 23:30,44,0.35,0.0296281,170047792,1371
07/06/2020 23:45,39,0.35,0.0284121,170067012,1341
07/07/2020 00:00,34,0.35,0.0270471,170079957,1240
07/07/2020 00:15,27,0.35,0.027946,170082319,1254
07/07/2020 00:30,22,0.36,0.0261745,170083877,1180
07/07/2020 00:45,21,0.36,0.0247639,170024453,1170
07/07/2020 01:00,19,0.36,0.0246189,169947251,1161
07/07/2020 01:15,19,0.36,0.0247484,169962200,1165
07/07/2020 01:30,17,0.36,0.0245938,170000381,1159
07/07/2020 01:45,17,0.36,0.0246037,170002339,1152
07/07/2020 02:00,17,0.36,0.0245299,170021419,1144
07/07/2020 02:15,14,0.37,0.0234338,170045815,1129
07/07/2020 02:30,16,0.37,0.0235231,170086608,1137
07/07/2020 02:45,16,0.37,0.0235074,170090854,1141
07/07/2020 03:00,16,0.37,0.0224821,170102904,1138
07/07/2020 03:15,17,0.37,0.0229916,170119190,1136
07/07/2020 03:30,17,0.37,0.0230974,170124033,1140
07/07/2020 03:45,15,0.37,0.022351,170136943,1119
07/07/2020 04:00,14,0.38,0.0222796,170148012,1106
07/07/2020 04:15,12,0.38,0.0221861,170149297,1094
07/07/2020 04:30,12,0.38,0.0221821,170163479,1091
07/07/2020 04:45,12,0.38,0.0212701,170178628,1090
07/07/2020 05:00,13,0.38,0.0213342,170180303,1092
07/07/2020 05:15,12,0.38,0.0213139,170181755,1088
07/07/2020 05:30,12,0.38,0.0213104,170197425,1084
07/07/2020 05:45,11,0.39,0.0212504,170212125,1082
07/07/2020 06:00,11,0.39,0.0219121,170213875,1092
07/07/2020 06:15,9,0.39,0.0217488,170229373,1077
07/07/2020 06:30,8,0.39,0.0216626,170261008,1070
07/07/2020 06:45,7,0.39,0.0216389,170267679,1067
07/07/2020 07:00,7,0.39,0.0216654,170293144,1066
07/07/2020 07:15,7,0.39,0.021663,170310994,1067
07/07/2020 07:30,9,0.39,0.0217887,170305948,1074
07/07/2020 07:45,9,0.40,0.0218089,170333544,1074
07/07/2020 08:00,9,0.40,0.0218621,170363691,1071
07/07/2020 08:15,11,0.40,0.0244909,170406513,1102
07/07/2020 08:30,13,0.40,0.0234078,170425622,1109
07/07/2020 08:45,13,0.40,0.0227202,170457428,1097
07/07/2020 09:00,13,0.40,0.024223,170477018,1112
07/07/2020 09:15,15,0.40,0.0244076,170487110,1121
07/07/2020 09:30,16,0.41,0.0244255,170509231,1126
07/07/2020 09:45,18,0.41,0.0253674,170562394,1145
07/07/2020 10:00,25,0.41,0.0257559,170601478,1188
07/07/2020 10:15,30,0.41,0.0261813,170618240,1200
07/07/2020 10:30,36,0.41,0.0268241,170641311,1266
07/07/2020 10:45,38,0.41,0.0271816,170663333,1244
07/07/2020 11:00,35,0.42,0.0266686,170678229,1238
07/07/2020 11:15,36,0.42,0.0269435,170698414,1241
07/07/2020 11:30,37,0.42,0.027972,170714337,1253
07/07/2020 11:45,35,0.42,0.027785,170696779,1253
07/07/2020 12:00,40,0.42,0.0295829,170724178,1297
07/07/2020 12:15,41,0.42,0.0296278,170740167,1290
07/07/2020 12:30,38,0.42,0.0296385,170750946,1278
07/07/2020 12:45,39,0.42,0.0319509,170767401,1298
07/07/2020 13:00,39,0.43,0.0320614,170769946,1313
07/07/2020 13:15,43,0.43,0.0326131,170802529,1340
07/07/2020 13:30,47,0.43,0.0326929,170823661,1364
07/07/2020 13:45,46,0.43,0.0325281,170847092,1366
07/07/2020 14:00,43,0.43,0.0332842,170857485,1361
07/07/2020 14:15,44,0.43,0.0346305,170873516,1364
07/07/2020 14:30,46,0.44,0.0334743,170888379,1362
07/07/2020 14:45,43,0.44,0.034073,170892002,1354
07/07/2020 15:00,44,0.44,0.033483,170921316,1350
07/07/2020 15:15,45,0.44,0.0340046,170938679,1354
07/07/2020 15:30,47,0.44,0.034325,170968537,1343
07/07/2020 15:45,47,0.44,0.0344175,170968146,1348
07/07/2020 16:00,46,0.45,0.0336586,170964953,1327
07/07/2020 16:15,47,0.45,0.035511,170979167,1371
07/07/2020 16:30,47,0.45,0.0352288,170992993,1358
07/07/2020 16:45,48,0.45,0.0353903,171009210,1371
07/07/2020 17:00,50,0.45,0.036981,171025869,1392
07/07/2020 17:15,49,0.45,0.0614266,171041338,1401
07/07/2020 17:30,51,0.45,0.0352764,171045159,1395
07/07/2020 17:45,48,0.46,0.0351123,171062659,1382
07/07/2020 18:00,48,0.46,0.035205,171296165,1383
07/07/2020 18:15,48,0.46,0.0353083,171312362,1382
07/07/2020 18:30,52,0.46,0.0355656,171322024,1391
07/07/2020 18:45,53,0.46,0.0365809,171330731,1350
07/07/2020 19:00,52,0.46,0.0372914,171341674,1354
07/07/2020 19:15,54,0.46,0.0373303,171361542,1355
07/07/2020 19:30,57,0.47,0.036675,171376613,1374
07/07/2020 19:45,53,0.47,0.0356945,171392474,1366
07/07/2020 20:00,57,0.47,0.0373965,171407766,1382
07/07/2020 20:15,57,0.47,0.0368849,171410456,1388
07/07/2020 20:30,55,0.47,0.035902,171427294,1360
07/07/2020 20:45,55,0.47,0.0359386,171442203,1358
07/07/2020 21:00,54,0.48,0.0358531,171471663,1343
07/07/2020 21:15,58,0.48,0.037781,171485554,1393
07/07/2020 21:30,60,0.48,0.0369852,171500845,1382
07/07/2020 21:45,60,0.48,0.0368882,171501576,1390
07/07/2020 22:00,62,0.48,0.036925,171515989,1398
07/07/2020 22:15,60,0.48,0.0368226,171531814,1403
07/07/2020 22:30,53,0.48,0.0362578,171466838,1366
07/07/2020 22:45,50,0.48,0.0360514,171482621,1353
07/07/2020 23:00,51,0.49,0.035735,171481616,1346
07/07/2020 23:15,55,0.49,0.0356547,171497856,1357
07/07/2020 23:30,51,0.49,0.0362442,171514007,1342
07/07/2020 23:45,49,0.49,0.0372383,171530467,1338
07/08/2020 00:00,47,0.49,0.0365237,171549925,1329
07/08/2020 00:15,39,0.49,0.0362602,171552027,1289
07/08/2020 00:30,38,0.49,0.0361972,171566791,1282
07/08/2020 00:45,36,0.49,0.0362688,171517324,1269
07/08/2020 01:00,36,0.50,0.0362843,171506324,1253
07/08/2020 01:15,30,0.50,0.036106,171521046,1238
07/08/2020 01:30,30,0.50,0.0362609,171547051,1229
07/08/2020 01:45,28,0.50,0.0360815,171560576,1211
07/08/2020 02:00,27,0.50,0.0349078,171575082,1200
07/08/2020 02:15,20,0.50,0.033282,171598933,1164
07/08/2020 02:30,17,0.50,0.0331104,171637113,1155
07/08/2020 02:45,17,0.50,0.0331067,171638686,1155
07/08/2020 03:00,17,0.50,0.0319117,171639650,1150
07/08/2020 03:15,17,0.50,0.0319203,171640522,1156
07/08/2020 03:30,16,0.51,0.0318805,171641100,1148
07/08/2020 03:45,14,0.51,0.0317991,171641972,1139
07/08/2020 04:00,13,0.51,0.0317531,171642378,1137
07/08/2020 04:15,13,0.51,0.0317857,171644301,1139
07/08/2020 04:30,13,0.51,0.0317634,171646197,1133
07/08/2020 04:45,13,0.51,0.0317422,171647596,1136
07/08/2020 05:00,14,0.51,0.0318267,171648596,1139
07/08/2020 05:15,14,0.51,0.0317814,171649537,1140
07/08/2020 05:30,13,0.51,0.0317084,171649683,1135
07/08/2020 05:45,14,0.51,0.0317252,171651020,1138
07/08/2020 06:00,13,0.52,0.0316996,171652216,1133
07/08/2020 06:15,13,0.52,0.0771994,171653218,1168
07/08/2020 06:30,13,0.52,0.0325351,171653109,1146
07/08/2020 06:45,14,0.52,0.0326071,171654025,1149
07/08/2020 07:00,14,0.52,0.0326139,171655060,1155
07/08/2020 07:15,14,0.52,0.0326343,171655465,1152
07/08/2020 07:30,13,0.52,0.0325855,171656449,1148
07/08/2020 07:45,12,0.52,0.0325648,171657754,1146
07/08/2020 08:00,11,0.52,0.0325381,171659322,1144
07/08/2020 08:15,11,0.52,0.0325563,171660666,1142
07/08/2020 08:30,10,0.53,0.0322491,171660314,1136
07/08/2020 08:45,10,0.53,0.0324259,171661532,1140
07/08/2020 09:00,10,0.53,0.032211,171662042,1138
07/08/2020 09:15,12,0.53,0.0329993,171662809,1163
07/08/2020 09:30,15,0.53,0.034582,171663492,1179
07/08/2020 09:45,14,0.53,0.0343538,171660135,1223
07/08/2020 10:00,14,0.53,0.0343755,171661034,1177
07/08/2020 10:15,17,0.53,0.0346561,171661527,1186
07/08/2020 10:30,23,0.53,0.0349952,171662304,1205
07/08/2020 10:45,24,0.54,0.0386844,171662900,1226
07/08/2020 11:00,25,0.54,0.0420226,171672580,1233
07/08/2020 11:15,27,0.54,0.0390244,171715361,1234
07/08/2020 11:30,30,0.54,0.0391897,171759325,1242
07/08/2020 11:45,31,0.54,0.0435838,171700724,1250
07/08/2020 12:00,30,0.54,0.0440077,171701462,1273
07/08/2020 12:15,35,0.54,0.0475585,171702891,1269
07/08/2020 12:30,36,0.54,0.0481492,171703586,1274
07/08/2020 12:45,37,0.55,0.0490732,171711457,1280
07/08/2020 13:00,37,0.55,0.0473941,171715472,1276
07/08/2020 13:15,35,0.55,0.0488034,171713223,1277
07/08/2020 13:30,36,0.55,0.0488705,171719300,1279
07/08/2020 13:45,37,0.55,0.0486633,171722065,1285
07/08/2020 14:00,37,0.55,0.0492872,171726054,1292
07/08/2020 14:15,36,0.55,0.0492515,171736458,1317
07/08/2020 14:30,36,0.55,0.0492072,171737092,1293
07/08/2020 14:45,34,0.55,0.048592,171740887,1274
07/08/2020 15:00,36,0.56,0.0492499,171772077,1307
07/08/2020 15:15,35,0.56,0.0482215,171743281,1287
07/08/2020 15:30,34,0.56,0.0381807,171765195,1278
07/08/2020 15:45,35,0.56,0.0387753,171745933,1292
07/08/2020 16:00,34,0.56,0.0388125,171761271,1287
07/08/2020 16:15,35,0.56,0.0384854,171772433,1280
07/08/2020 16:30,36,0.56,0.0389705,171780170,1294
07/08/2020 16:45,38,0.56,0.0388514,171785015,1304
07/08/2020 17:00,36,0.56,0.0390093,171796331,1305
07/08/2020 17:15,35,0.57,0.0390029,171805932,1324
07/08/2020 17:30,31,0.57,0.041089,171818953,1313
07/08/2020 17:45,30,0.57,0.0402404,171831376,1302
07/08/2020 18:00,33,0.57,0.0412932,171841988,1316
07/08/2020 18:15,31,0.57,0.0396974,171854854,1303
07/08/2020 18:30,30,0.57,0.0397376,171876315,1297
07/08/2020 18:45,31,0.57,0.0398131,171889936,1300
07/08/2020 19:00,29,0.57,0.0422491,171901354,1314
07/08/2020 19:15,28,0.57,0.0422345,171915343,1309
07/08/2020 19:30,28,0.58,0.0424998,171926528,1305
07/08/2020 19:45,28,0.58,0.0430179,171952953,1315
07/08/2020 20:00,29,0.58,0.0429047,171970194,1303
07/08/2020 20:15,31,0.58,0.0429153,171985527,1308
07/08/2020 20:30,28,0.58,0.0428411,172110513,1313
07/08/2020 20:45,26,0.58,0.042778,172268655,1311
07/08/2020 21:00,29,0.58,0.0415536,172073858,1342
07/08/2020 21:15,26,0.58,0.0410912,172094025,1329
07/08/2020 21:30,28,0.58,0.0412355,172117615,1342
07/08/2020 21:45,27,0.58,0.0419595,172141773,1340
07/08/2020 22:00,27,0.58,0.0411046,172165017,1262
07/08/2020 22:15,27,0.59,0.0410936,172095070,1299
07/08/2020 22:30,29,0.59,0.0411879,172121211,1273
07/08/2020 22:45,26,0.59,0.041135,172127041,1259
07/08/2020 23:00,30,0.59,0.0415341,172132489,1280
07/08/2020 23:15,28,0.59,0.0411393,172138379,1270
07/08/2020 23:30,26,0.59,0.0410393,172141327,1286
07/08/2020 23:45,24,0.59,0.0412206,172184728,1307
07/09/2020 00:00,22,0.59,0.0408817,172189113,1264
07/09/2020 00:15,21,0.60,0.0406547,172196067,1245
07/09/2020 00:30,18,0.60,0.0404921,172195181,1266
07/09/2020 00:45,15,0.60,0.0403368,172155237,1240
07/09/2020 01:00,15,0.60,0.0402782,172085112,1198
07/09/2020 01:15,14,0.60,0.0401755,172088071,1195
07/09/2020 01:30,15,0.60,0.0403744,172114077,1200
07/09/2020 01:45,15,0.60,0.0403385,172117564,1198
07/09/2020 02:00,15,0.60,0.040327,172119930,1247
07/09/2020 02:15,14,0.60,0.0402645,172144089,1197
07/09/2020 02:30,14,0.60,0.0402901,172196731,1195
07/09/2020 02:45,14,0.60,0.0402201,172210707,1198
07/09/2020 03:00,13,0.60,0.0401788,172225042,1190
07/09/2020 03:15,14,0.61,0.0402558,172225364,1202
07/09/2020 03:30,13,0.61,0.0402224,172238227,1191
07/09/2020 03:45,13,0.61,0.0402184,172253175,1193
07/09/2020 04:00,13,0.61,0.0403229,172267091,1192
07/09/2020 04:15,13,0.61,0.0402707,172280820,1190
07/09/2020 04:30,13,0.61,0.040318,172283225,1194
07/09/2020 04:45,12,0.61,0.0403258,172295774,1189
07/09/2020 05:00,12,0.61,0.0403295,172309863,1190
07/09/2020 05:15,12,0.61,0.0403381,172322936,1189
07/09/2020 05:30,12,0.61,0.0402185,172337332,1183
07/09/2020 05:45,12,0.61,0.0402936,172350930,1185
07/09/2020 06:00,12,0.61,0.0402038,172352623,1177
07/09/2020 06:15,12,0.61,0.0401759,172367742,1180
07/09/2020 06:30,12,0.62,0.0401576,172381372,1177
07/09/2020 06:45,11,0.62,0.0400328,172395526,1177
07/09/2020 07:00,12,0.62,0.0400869,172397048,1181
07/09/2020 07:15,12,0.62,0.0401679,172406050,1179
07/09/2020 07:30,12,0.62,0.0401807,172407463,1179
07/09/2020 07:45,12,0.62,0.0401875,172413625,1178
07/09/2020 08:00,12,0.62,0.0408088,172415507,1187
07/09/2020 08:15,12,0.62,0.0407409,172416538,1183
07/09/2020 08:30,12,0.62,0.0407439,172418488,1184
07/09/2020 08:45,12,0.62,0.0407554,172422172,1184
07/09/2020 09:00,12,0.62,0.0388741,172412104,1178
07/09/2020 09:15,13,0.62,0.0402169,172419443,1201
07/09/2020 09:30,15,0.62,0.0398446,172431968,1207
07/09/2020 09:45,15,0.63,0.0393984,172443024,1197
07/09/2020 10:00,17,0.63,0.0394232,172453449,1202
07/09/2020 10:15,19,0.63,0.0405402,172465552,1220
07/09/2020 10:30,20,0.63,0.040714,172476178,1224
07/09/2020 10:45,20,0.63,0.0414471,172484666,1226
07/09/2020 11:00,18,0.63,0.0688275,172497361,1226
07/09/2020 11:15,18,0.64,0.0963982,172510585,1208
07/09/2020 11:30,18,0.64,0.125637,172472153,1214
07/09/2020 11:45,18,0.64,0.154872,172488628,1215
07/09/2020 12:00,22,0.64,0.183567,172498778,1225
07/09/2020 12:15,21,0.65,0.213831,172353600,1236
07/09/2020 12:30,20,0.65,0.242544,172436418,1245
07/09/2020 12:45,20,0.65,0.27164,172454012,1220
07/09/2020 13:00,20,0.65,0.301237,172483308,1222
07/09/2020 13:15,22,0.65,0.330431,172503638,1240
07/09/2020 13:30,25,0.65,0.359334,172540868,1249
07/09/2020 13:45,28,0.66,0.388091,172578954,1270
07/09/2020 14:00,29,0.66,0.4168,172617001,1269
07/09/2020 14:15,29,0.66,0.442912,172662480,1266
07/09/2020 14:30,30,0.66,0.470537,172685035,1267
07/09/2020 14:45,27,0.66,0.498003,172707597,1259
07/09/2020 15:00,30,0.66,0.526431,172731156,1278
07/09/2020 15:15,31,0.67,0.553189,172751360,1278
07/09/2020 15:30,31,0.67,0.579993,172773615,1277
07/09/2020 15:45,31,0.67,0.609725,172784311,1308
07/09/2020 16:00,31,0.67,0.637456,172817303,1296
07/09/2020 16:15,31,0.67,0.664527,172848352,1301
07/09/2020 16:30,31,0.68,0.691348,172868903,1292
07/09/2020 16:45,32,0.68,0.718749,172889374,1297
07/09/2020 17:00,32,0.68,0.745849,172911036,1291
07/09/2020 17:15,32,0.68,0.772815,172922180,1312
07/09/2020 17:30,30,0.68,0.795653,172944093,1308
07/09/2020 17:45,32,0.68,0.818462,172965120,1314
07/09/2020 18:00,31,0.68,0.840173,172992966,1318
07/09/2020 18:15,29,0.69,0.860382,173015468,1309
07/09/2020 18:30,28,0.69,0.0436599,173032403,1285
07/09/2020 18:45,29,0.69,0.0433102,173056152,1273
07/09/2020 19:00,28,0.69,0.0434714,173086979,1278
07/09/2020 19:15,27,0.69,0.043402,173105986,1293
07/09/2020 19:30,26,0.69,0.0433829,173134382,1312
07/09/2020 19:45,25,0.69,0.0432745,173144822,1341
07/09/2020 20:00,28,0.69,0.0433361,173159090,1298
07/09/2020 20:15,28,0.69,0.0429515,173161283,1284
07/09/2020 20:30,28,0.69,0.0429048,173175778,1285
07/09/2020 20:45,29,0.69,0.043077,173185629,1293
07/09/2020 21:00,30,0.69,0.0431286,173202799,1295
07/09/2020 21:15,29,0.70,0.0430564,173204219,1293
07/09/2020 21:30,27,0.70,0.0429677,173212364,1281
07/09/2020 21:45,27,0.70,0.0429139,173214319,1275
07/09/2020 22:00,26,0.70,0.0429117,173222921,1322
07/09/2020 22:15,26,0.70,0.0428885,173148023,1279
07/09/2020 22:30,25,0.70,0.0428425,173154832,1277
07/09/2020 22:45,23,0.70,0.0427418,173121833,1284
07/09/2020 23:00,22,0.70,0.0427117,173132555,1268
07/09/2020 23:15,20,0.70,0.0427251,173400574,1264
07/09/2020 23:30,20,0.70,0.0424036,173632881,1252
07/09/2020 23:45,20,0.70,0.0419784,173863284,1253
07/10/2020 00:00,18,0.70,0.0405751,174076028,1239
07/10/2020 00:15,16,0.70,0.039563,174221424,1222
07/10/2020 00:30,16,0.70,0.0389148,174229916,1212
07/10/2020 00:45,16,0.71,0.0389011,174207138,1208
07/10/2020 01:00,14,0.71,0.0387327,174101429,1180
07/10/2020 01:15,13,0.71,0.0386918,173945307,1174
07/10/2020 01:30,13,0.71,0.0386738,173892328,1170
07/10/2020 01:45,12,0.71,0.0385021,173873411,1163
07/10/2020 02:00,12,0.71,0.0384673,173836667,1162
07/10/2020 02:15,12,0.71,0.038486,173818629,1163
07/10/2020 02:30,12,0.71,0.0384691,173845713,1163
07/10/2020 02:45,12,0.71,0.0374646,173839311,1162
07/10/2020 03:00,12,0.71,0.0371683,173826349,1158
07/10/2020 03:15,11,0.71,0.0370802,173759507,1160
07/10/2020 03:30,11,0.71,0.0370868,173653898,1155
07/10/2020 03:45,11,0.71,0.0370509,173636543,1152
07/10/2020 04:00,11,0.71,0.0370461,173517185,1152
07/10/2020 04:15,11,0.71,0.0370389,173454037,1153
07/10/2020 04:30,11,0.71,0.0370396,173456539,1151
07/10/2020 04:45,11,0.71,0.0370288,173459593,1151
07/10/2020 05:00,11,0.72,0.0370399,173461595,1151
07/10/2020 05:15,11,0.72,0.0370727,173463759,1150
07/10/2020 05:30,11,0.72,0.0370424,173467041,1150
07/10/2020 05:45,12,0.72,0.0371232,173469962,1158
07/10/2020 06:00,13,0.72,0.0370049,173474251,1155
07/10/2020 06:15,13,0.72,0.0370401,173475818,1158
07/10/2020 06:30,13,0.72,0.0370231,173478769,1159
07/10/2020 06:45,12,0.72,0.0370343,173480792,1155
07/10/2020 07:00,12,0.72,0.0370101,173475989,1153
07/10/2020 07:15,12,0.72,0.0370247,173478147,1154
07/10/2020 07:30,12,0.72,0.0388338,173480809,1164
07/10/2020 07:45,12,0.72,0.037468,173482277,1156
07/10/2020 08:00,12,0.72,0.036994,173483895,1153
07/10/2020 08:15,11,0.72,0.0383596,173484043,1166
07/10/2020 08:30,11,0.72,0.0392356,173487666,1176
07/10/2020 08:45,12,0.72,0.0394666,173489739,1175
07/10/2020 09:00,13,0.73,0.0431162,173491550,1188
07/10/2020 09:15,13,0.73,0.0398561,173494417,1187
07/10/2020 09:30,13,0.73,0.0394992,173502817,1186
07/10/2020 09:45,13,0.73,0.041353,173514301,1193
07/10/2020 10:00,14,0.73,0.0432646,173536438,1201
07/10/2020 10:15,15,0.73,0.0399251,173559174,1198
07/10/2020 10:30,15,0.73,0.0389447,173565260,1188
07/10/2020 10:45,16,0.73,0.038725,173583175,1203
07/10/2020 11:00,17,0.73,0.0398665,173610848,1203
07/10/2020 11:15,18,0.73,0.0403683,173687041,1217
07/10/2020 11:30,18,0.73,0.0403063,173701011,1214
07/10/2020 11:45,21,0.73,0.0404439,173720592,1223
07/10/2020 12:00,22,0.73,0.0401947,173750552,1241
07/10/2020 12:15,26,0.73,0.0407332,173781760,1259
07/10/2020 12:30,26,0.73,0.0408038,173790621,1262
07/10/2020 12:45,28,0.74,0.0419417,173803171,1287
07/10/2020 13:00,29,0.74,0.0419988,173822486,1286
07/10/2020 13:15,29,0.74,0.0420371,173838923,1304
07/10/2020 13:30,29,0.74,0.0454024,173848661,1313
07/10/2020 13:45,28,0.74,0.0417806,173862120,1305
07/10/2020 14:00,26,0.74,0.0433572,173865599,1317
07/10/2020 14:15,26,0.74,0.0432205,173868483,1318
07/10/2020 14:30,26,0.74,0.0432999,173872389,1352
07/10/2020 14:45,26,0.74,0.0431092,173879022,1278
07/10/2020 15:00,26,0.74,0.0432071,173881802,1284
07/10/2020 15:15,25,0.74,0.041666,173896224,1274
07/10/2020 15:30,23,0.74,0.0422085,173896937,1268
07/10/2020 15:45,28,0.75,0.0458023,173900720,1299
07/10/2020 16:00,28,0.75,0.045987,173914228,1304
07/10/2020 16:15,26,0.75,0.0406902,173917927,1261
07/10/2020 16:30,27,0.75,0.0404207,173851578,1250
07/10/2020 16:45,26,0.75,0.0403769,173853551,1245
07/10/2020 17:00,22,0.75,0.0401234,173870714,1227
07/10/2020 17:15,21,0.75,0.0399535,173886812,1220
07/10/2020 17:30,27,0.75,0.0406269,173908073,1246
07/10/2020 17:45,22,0.75,0.0402338,173917436,1237
07/10/2020 18:00,22,0.75,0.0402923,173932400,1235
07/10/2020 18:15,21,0.75,0.0400722,173949086,1225
07/10/2020 18:30,23,0.75,0.0402697,173963923,1238
07/10/2020 18:45,21,0.75,0.0389739,173979649,1222
07/10/2020 19:00,20,0.75,0.0388707,173995979,1210
07/10/2020 19:15,18,0.75,0.0389857,174012378,1217
07/10/2020 19:30,18,0.76,0.0386735,174026186,1204
07/10/2020 19:45,20,0.76,0.0388081,174041833,1215
07/10/2020 20:00,19,0.76,0.0389661,174065243,1210
07/10/2020 20:15,18,0.76,0.038638,174081587,1203
07/10/2020 20:30,19,0.76,0.0386928,174097096,1213
07/10/2020 20:45,20,0.76,0.0388125,174113207,1221
07/10/2020 21:00,18,0.76,0.038636,174129779,1199
07/10/2020 21:15,18,0.76,0.0386537,174147813,1200
07/10/2020 21:30,18,0.76,0.0398888,174163169,1217
07/10/2020 21:45,17,0.76,0.0386623,174179204,1196
07/10/2020 22:00,15,0.76,0.0385048,174196701,1187
07/10/2020 22:15,12,0.76,0.0383587,174215833,1177
07/10/2020 22:30,13,0.76,0.0384512,174117592,1182
07/10/2020 22:45,13,0.76,0.0384026,173934654,1178
07/10/2020 23:00,12,0.76,0.0383654,173841697,1179
07/10/2020 23:15,12,0.76,0.0374675,173747276,1174
07/10/2020 23:30,12,0.76,0.0373662,173625419,1177
07/10/2020 23:45,12,0.76,0.0374366,173489733,1172
07/11/2020 00:00,12,0.76,0.0374266,173326231,1172
07/11/2020 00:15,13,0.77,0.0374384,173200788,1173
07/11/2020 00:30,12,0.77,0.0374026,173126935,1165
07/11/2020 00:45,11,0.77,0.0373499,173060905,1159
07/11/2020 01:00,11,0.77,0.0373067,172890560,1155
07/11/2020 01:15,11,0.77,0.0373059,172762700,1156
07/11/2020 01:30,11,0.77,0.0373031,172766009,1155
07/11/2020 01:45,11,0.77,0.0373115,172757781,1155
07/11/2020 02:00,9,0.77,0.0372252,172666334,1150
07/11/2020 02:15,9,0.77,0.037129,172637162,1147
07/11/2020 02:30,9,0.77,0.0371916,172620861,1148
07/11/2020 02:45,8,0.77,0.0371665,172658943,1147
07/11/2020 03:00,8,0.77,0.0369544,172663961,1145
07/11/2020 03:15,8,0.77,0.037045,172635988,1146
07/11/2020 03:30,8,0.77,0.0369398,172645685,1145
07/11/2020 03:45,8,0.77,0.0369383,172655408,1144
07/11/2020 04:00,8,0.77,0.0370517,172654259,1147
07/11/2020 04:15,8,0.77,0.0370687,172662309,1149
07/11/2020 04:30,8,0.77,0.0370736,172676782,1144
07/11/2020 04:45,8,0.77,0.0370583,172691501,1146
07/11/2020 05:00,8,0.77,0.0369596,172705604,1144
07/11/2020 05:15,8,0.77,0.0369845,172720352,1145
07/11/2020 05:30,8,0.78,0.0369706,172733644,1143
07/11/2020 05:45,8,0.78,0.0369965,172747167,1144
07/11/2020 06:00,8,0.78,0.0369956,172760578,1144
07/11/2020 06:15,8,0.78,0.0370692,172774795,1144
07/11/2020 06:30,8,0.78,0.0369726,172787879,1143
07/11/2020 06:45,7,0.78,0.036917,172801691,1138
07/11/2020 07:00,7,0.78,0.0369122,172815210,1138
07/11/2020 07:15,7,0.78,0.0369149,172829323,1139
07/11/2020 07:30,7,0.78,0.0369173,172841776,1138
07/11/2020 07:45,7,0.78,0.0369231,172855174,1142
07/11/2020 08:00,7,0.78,0.0369188,172856636,1142
07/11/2020 08:15,7,0.78,0.0369396,172870217,1148
07/11/2020 08:30,7,0.78,0.036898,172883869,1144
07/11/2020 08:45,7,0.78,0.0369129,172896975,1143
07/11/2020 09:00,9,0.78,0.0370094,172910651,1149
07/11/2020 09:15,8,0.78,0.0377435,172924766,1159
07/11/2020 09:30,9,0.78,0.0378178,172938027,1162
07/11/2020 09:45,10,0.78,0.0378599,172951444,1164
07/11/2020 10:00,10,0.78,0.0393806,172965136,1181
07/11/2020 10:15,11,0.78,0.0395551,172979853,1186
07/11/2020 10:30,11,0.78,0.0395977,172956870,1180
07/11/2020 10:45,12,0.78,0.039704,172972939,1184
07/11/2020 11:00,15,0.78,0.0398662,172986657,1197
07/11/2020 11:15,15,0.79,0.0398827,173003892,1196
07/11/2020 11:30,13,0.79,0.0397719,173019787,1196
07/11/2020 11:45,14,0.79,0.0399188,173041624,1202
07/11/2020 12:00,13,0.79,0.0398189,173047447,1199
07/11/2020 12:15,13,0.79,0.0398305,173070468,1196
07/11/2020 12:30,14,0.79,0.0404425,173083972,1214
07/11/2020 12:45,13,0.79,0.0404539,173112140,1207
07/11/2020 13:00,13,0.79,0.040513,173136494,1212
07/11/2020 13:15,13,0.79,0.0405448,173157781,1211
07/11/2020 13:30,13,0.79,0.0406398,173177667,1215
07/11/2020 13:45,14,0.79,0.0411587,173198338,1224
07/11/2020 14:00,15,0.79,0.0407071,173201553,1240
07/11/2020 14:15,14,0.79,0.0407122,173205810,1247
07/11/2020 14:30,12,0.79,0.041552,173199125,1212
07/11/2020 14:45,12,0.79,0.0415278,173189504,1206
07/11/2020 15:00,12,0.79,0.0417484,173193842,1216
07/11/2020 15:15,11,0.79,0.0415004,173198798,1212
07/11/2020 15:30,9,0.79,0.0416218,173202523,1199
07/11/2020 15:45,10,0.79,0.0414393,173208760,1189
07/11/2020 16:00,10,0.79,0.0409512,173210717,1207
07/11/2020 16:15,11,0.80,0.0410439,173214630,1202
07/11/2020 16:30,12,0.80,0.04121,173210585,1212
07/11/2020 16:45,13,0.80,0.041248,173218335,1206
07/11/2020 17:00,13,0.80,0.0413455,173218278,1218
07/11/2020 17:15,12,0.80,0.0419286,173221970,1210
07/11/2020 17:30,13,0.80,0.0425166,173224551,1223
07/11/2020 17:45,15,0.80,0.0423266,173226513,1229
07/11/2020 18:00,15,0.80,0.0422609,173227675,1243
07/11/2020 18:15,15,0.80,0.0421699,173230122,1223
07/11/2020 18:30,14,0.80,0.0427077,173229051,1229
07/11/2020 18:45,15,0.80,0.0437271,173229346,1247
07/11/2020 19:00,12,0.80,0.0428931,173228709,1214
07/11/2020 19:15,13,0.80,0.0425841,173228815,1210
07/11/2020 19:30,12,0.80,0.0411393,173228835,1198
07/11/2020 19:45,12,0.80,0.040873,173228854,1190
07/11/2020 20:00,12,0.80,0.0408216,173184996,1195
07/11/2020 20:15,13,0.80,0.0402564,173187615,1188
07/11/2020 20:30,15,0.80,0.0403231,173172540,1194
07/11/2020 20:45,13,0.80,0.0402406,173176884,1186
07/11/2020 21:00,12,0.80,0.0394232,173180180,1177
07/11/2020 21:15,15,0.80,0.0395919,173184389,1191
07/11/2020 21:30,13,0.80,0.0394285,173187351,1175
07/11/2020 21:45,12,0.81,0.0394191,173191942,1171
07/11/2020 22:00,13,0.81,0.0394448,173197138,1172
07/11/2020 22:15,12,0.81,0.0381862,172583685,1154
07/11/2020 22:30,12,0.81,0.0381513,172514673,1153
07/11/2020 22:45,11,0.81,0.038126,172519063,1150
07/11/2020 23:00,11,0.81,0.0395844,172512570,1166
07/11/2020 23:15,11,0.81,0.0397031,172533062,1186
07/11/2020 23:30,11,0.81,0.0396732,172550400,1162
07/11/2020 23:45,12,0.81,0.0397125,172566460,1168
07/12/2020 00:00,10,0.81,0.0398116,172583114,1175
07/12/2020 00:15,10,0.81,0.0396526,172581793,1178
07/12/2020 00:30,9,0.81,0.0383042,172569542,1146
07/12/2020 00:45,9,0.81,0.0382802,172555395,1147
07/12/2020 01:00,9,0.81,0.0382745,172566025,1146
07/12/2020 01:15,9,0.81,0.0382789,172577440,1147
07/12/2020 01:30,9,0.81,0.0382505,172615173,1147
07/12/2020 01:45,8,0.81,0.0382184,172627170,1144
07/12/2020 02:00,6,0.81,0.0380886,172642582,1134
07/12/2020 02:15,6,0.81,0.0381157,172679533,1137
07/12/2020 02:30,4,0.81,0.0379979,172717900,1128
07/12/2020 02:45,5,0.81,0.038035,172746806,1132
07/12/2020 03:00,4,0.81,0.0380032,172776128,1129
07/12/2020 03:15,4,0.81,0.0380489,172779190,1134
07/12/2020 03:30,4,0.81,0.0381162,172807096,1127
07/12/2020 03:45,4,0.82,0.0381947,172822742,1128
07/12/2020 04:00,4,0.82,0.0381711,172839771,1128
07/12/2020 04:15,4,0.82,0.0381658,172868864,1129
07/12/2020 04:30,4,0.82,0.0381669,172871568,1128
07/12/2020 04:45,6,0.82,0.0383415,172898992,1138
07/12/2020 05:00,7,0.82,0.0382977,172913607,1137
07/12/2020 05:15,7,0.82,0.0383162,172927132,1136
07/12/2020 05:30,7,0.82,0.0383006,172952417,1136
07/12/2020 05:45,6,0.82,0.0382771,172966819,1135
07/12/2020 06:00,6,0.82,0.0382698,172991930,1136
07/12/2020 06:15,6,0.82,0.0382658,172993202,1150
07/12/2020 06:30,7,0.82,0.03828,173018218,1141
07/12/2020 06:45,8,0.82,0.0382996,173030429,1140
07/12/2020 07:00,7,0.82,0.0382753,173044025,1139
07/12/2020 07:15,8,0.82,0.0382922,173070042,1141
07/12/2020 07:30,9,0.82,0.0383943,173082415,1150
07/12/2020 07:45,9,0.82,0.0383587,173095610,1147
07/12/2020 08:00,9,0.82,0.0383613,173108752,1149
07/12/2020 08:15,10,0.82,0.0384394,173134402,1154
07/12/2020 08:30,10,0.82,0.0384742,173147328,1153
07/12/2020 08:45,10,0.82,0.039873,173160501,1165
07/12/2020 09:00,10,0.82,0.0398479,173173950,1164
07/12/2020 09:15,10,0.82,0.0398662,173187079,1162
07/12/2020 09:30,11,0.82,0.0399487,173213054,1170
07/12/2020 09:45,11,0.82,0.0400253,173213216,1170
07/12/2020 10:00,11,0.82,0.0400089,173240310,1167
07/12/2020 10:15,12,0.83,0.0401977,173268673,1178
07/12/2020 10:30,12,0.83,0.0416004,173268168,1187
07/12/2020 10:45,13,0.83,0.0416327,173294223,1191
07/12/2020 11:00,13,0.83,0.0416323,173307588,1190
07/12/2020 11:15,16,0.83,0.0418578,173322536,1210
07/12/2020 11:30,16,0.83,0.0419279,173345144,1204
07/12/2020 11:45,15,0.83,0.041869,173358071,1201
07/12/2020 12:00,15,0.83,0.0419368,173402938,1201
07/12/2020 12:15,15,0.83,0.0435725,173420081,1214
07/12/2020 12:30,18,0.83,0.0437866,173438087,1229
07/12/2020 12:45,21,0.83,0.0440454,173454692,1240
07/12/2020 13:00,23,0.83,0.0445471,173455275,1250
07/12/2020 13:15,24,0.83,0.0444553,173442837,1256
07/12/2020 13:30,23,0.83,0.0447336,173457538,1263
07/12/2020 13:45,23,0.83,0.0467608,173458961,1278
07/12/2020 14:00,21,0.83,0.0461172,173473226,1261
07/12/2020 14:15,20,0.83,0.0459712,173474799,1263
07/12/2020 14:30,21,0.83,0.046033,173491116,1263
07/12/2020 14:45,20,0.83,0.0461013,173504557,1256
07/12/2020 15:00,20,0.83,0.0464094,173506809,1266
07/12/2020 15:15,20,0.83,0.046262,173520104,1275
07/12/2020 15:30,20,0.83,0.0462184,173534610,1278
07/12/2020 15:45,18,0.83,0.0469734,173548156,1263
07/12/2020 16:00,19,0.83,0.0460565,173550919,1260
07/12/2020 16:15,18,0.83,0.0460588,173567232,1258
07/12/2020 16:30,18,0.84,0.04633,173583789,1260
07/12/2020 16:45,18,0.84,0.0463376,173590112,1253
07/12/2020 17:00,20,0.84,0.0464696,173605043,1262
07/12/2020 17:15,23,0.84,0.046654,173619978,1290
07/12/2020 17:30,25,0.84,0.0467859,173629095,1278
07/12/2020 17:45,26,0.84,0.050493,173629672,1288
07/12/2020 18:00,25,0.84,0.0460487,173631014,1274
07/12/2020 18:15,24,0.84,0.0459662,173630598,1271
07/12/2020 18:30,25,0.84,0.0466302,173631996,1312
07/12/2020 18:45,26,0.84,0.0468226,173631605,1285
07/12/2020 19:00,27,0.84,0.0461677,173633076,1301
07/12/2020 19:15,26,0.84,0.0474901,173633394,1297
07/12/2020 19:30,26,0.84,0.0470092,173639422,1303
07/12/2020 19:45,26,0.84,0.0468688,173640811,1299
07/12/2020 20:00,29,0.84,0.0475833,173647761,1304
07/12/2020 20:15,28,0.84,0.0476031,173661054,1303
07/12/2020 20:30,24,0.84,0.0473017,173666147,1337
07/12/2020 20:45,22,0.84,0.0472969,173671952,1303
07/12/2020 21:00,24,0.84,0.0485252,173674051,1302
07/12/2020 21:15,23,0.84,0.0489159,173675646,1297
07/12/2020 21:30,24,0.84,0.0487197,173677325,1293
07/12/2020 21:45,21,0.84,0.0487083,173679108,1280
07/12/2020 22:00,19,0.84,0.0485876,173685903,1278
07/12/2020 22:15,22,0.85,0.0489043,173624507,1297
07/12/2020 22:30,22,0.85,0.0489193,173626725,1298
07/12/2020 22:45,22,0.85,0.0462997,173611316,1275
07/12/2020 23:00,23,0.85,0.0463382,173623863,1285
07/12/2020 23:15,21,0.85,0.0462123,173648095,1274
07/12/2020 23:30,20,0.85,0.0461438,173665575,1267
07/12/2020 23:45,21,0.85,0.0470602,173671835,1289
07/13/2020 00:00,21,0.85,0.0442215,173676711,1269
07/13/2020 00:15,16,0.85,0.0438815,173681768,1236
07/13/2020 00:30,18,0.85,0.0439056,173682960,1240
07/13/2020 00:45,19,0.85,0.0439977,173660191,1255
07/13/2020 01:00,20,0.85,0.0440131,173662192,1267
07/13/2020 01:15,20,0.85,0.0440398,173659616,1271
07/13/2020 01:30,19,0.85,0.0436279,173680602,1255
07/13/2020 01:45,18,0.85,0.0434263,173679649,1245
07/13/2020 02:00,17,0.85,0.0433462,173676839,1225
07/13/2020 02:15,17,0.85,0.0433214,173689878,1225
07/13/2020 02:30,16,0.85,0.0432589,173731231,1218
07/13/2020 02:45,14,0.85,0.0434136,173734852,1213
07/13/2020 03:00,14,0.85,0.0434053,173738582,1205
07/13/2020 03:15,11,0.85,0.0433569,173741460,1197
07/13/2020 03:30,11,0.85,0.0433459,173747898,1202
07/13/2020 03:45,11,0.85,0.04337,173751668,1194
07/13/2020 04:00,9,0.85,0.0432711,173755141,1188
07/13/2020 04:15,11,0.85,0.0433712,173759228,1200
07/13/2020 04:30,11,0.85,0.0433878,173766052,1197
07/13/2020 04:45,11,0.85,0.0434411,173771199,1197
07/13/2020 05:00,11,0.85,0.0434216,173774470,1198
07/13/2020 05:15,10,0.86,0.0434252,173777174,1195
07/13/2020 05:30,9,0.86,0.0433284,173779737,1188
07/13/2020 05:45,7,0.86,0.0418636,173780966,1163
07/13/2020 06:00,7,0.86,0.04182,173781696,1163
07/13/2020 06:15,8,0.86,0.0417737,173781742,1167
07/13/2020 06:30,8,0.86,0.0417546,173782031,1167
07/13/2020 06:45,10,0.86,0.0420198,173782043,1177
07/13/2020 07:00,11,0.86,0.042027,173782075,1176
07/13/2020 07:15,11,0.86,0.042035,173782694,1180
07/13/2020 07:30,11,0.86,0.0420395,173783214,1180
07/13/2020 07:45,11,0.86,0.0420153,173783114,1180
07/13/2020 08:00,10,0.86,0.0433849,173783560,1194
07/13/2020 08:15,11,0.86,0.0435674,173784632,1194
07/13/2020 08:30,10,0.86,0.0445039,173785824,1195
07/13/2020 08:45,10,0.86,0.044449,173786276,1197
07/13/2020 09:00,11,0.86,0.0449957,173788939,1197
07/13/2020 09:15,11,0.86,0.0451659,173790868,1199
07/13/2020 09:30,11,0.86,0.045092,173791453,1193
07/13/2020 09:45,15,0.86,0.045438,173790446,1213
07/13/2020 10:00,17,0.86,0.046218,173790961,1226
07/13/2020 10:15,22,0.86,0.0464282,173792117,1245
07/13/2020 10:30,25,0.86,0.046625,173792672,1289
07/13/2020 10:45,30,0.86,0.046944,173793783,1276
07/13/2020 11:00,29,0.86,0.0467691,173758790,1264
07/13/2020 11:15,29,0.86,0.0466873,173763999,1266
07/13/2020 11:30,30,0.86,0.0467566,173765332,1268
07/13/2020 11:45,33,0.86,0.0469165,173767972,1281
07/13/2020 12:00,41,0.86,0.0462632,173780260,1323
07/13/2020 12:15,42,0.86,0.0467871,173795435,1337
07/13/2020 12:30,44,0.86,0.0463743,173806876,1336
07/13/2020 12:45,45,0.87,0.046464,173807492,1342
07/13/2020 13:00,44,0.87,0.0463861,173808296,1383
07/13/2020 13:15,43,0.87,0.0454221,173808727,1347
07/13/2020 13:30,48,0.87,0.0456881,173810041,1355
07/13/2020 13:45,48,0.87,0.0459637,173814877,1369
07/13/2020 14:00,49,0.87,0.0458293,173794087,1362
07/13/2020 14:15,50,0.87,0.0464286,173815274,1376
07/13/2020 14:30,47,0.87,0.0459103,173819338,1366
07/13/2020 14:45,47,0.87,0.0460575,173830790,1359
07/13/2020 15:00,46,0.87,0.0477863,173834666,1374
07/13/2020 15:15,50,0.87,0.0478285,173835805,1391
07/13/2020 15:30,51,0.87,0.0479844,173840691,1392
07/13/2020 15:45,47,0.87,0.0482606,173845452,1384
07/13/2020 16:00,48,0.87,0.0483882,173851610,1393
07/13/2020 16:15,46,0.87,0.0477077,173856919,1394
07/13/2020 16:30,50,0.87,0.0500992,174219658,1418
07/13/2020 16:45,47,0.87,0.0500768,174225359,1419
07/13/2020 17:00,48,0.87,0.0463863,174227639,1412
07/13/2020 17:15,46,0.87,0.0478837,174230135,1390
07/13/2020 17:30,45,0.87,0.0479651,174243553,1380
07/13/2020 17:45,48,0.87,0.046843,174246512,1386
07/13/2020 18:00,49,0.87,0.0481493,174227602,1400
07/13/2020 18:15,47,0.87,0.0479064,174245373,1391
07/13/2020 18:30,48,0.87,0.049506,174261457,1407
07/13/2020 18:45,51,0.87,0.049845,174251853,1422
07/13/2020 19:00,50,0.87,0.0499111,174291540,1419
07/13/2020 19:15,52,0.87,0.0500171,174308758,1430
07/13/2020 19:30,53,0.87,0.050209,174300527,1458
07/13/2020 19:45,55,0.88,0.0504218,174313321,1450
07/13/2020 20:00,54,0.88,0.0502333,174316411,1452
07/13/2020 20:15,53,0.88,0.0501663,174321188,1431
07/13/2020 20:30,52,0.88,0.05034,174328178,1439
07/13/2020 20:45,49,0.88,0.0497645,174332767,1425
07/13/2020 21:00,49,0.88,0.050217,174339057,1431
07/13/2020 21:15,50,0.88,0.0506385,174351187,1445
07/13/2020 21:30,53,0.88,0.0509448,174358974,1460
07/13/2020 21:45,50,0.88,0.0510695,174369770,1435
07/13/2020 22:00,51,0.88,0.0511249,174376350,1446
07/13/2020 22:15,50,0.88,0.0510833,174308912,1443
07/13/2020 22:30,47,0.88,0.0511035,174325278,1472
07/13/2020 22:45,45,0.88,0.0506322,174298984,1423
07/13/2020 23:00,44,0.88,0.0506815,174313923,1427
07/13/2020 23:15,42,0.88,0.0507452,174337425,1426
07/13/2020 23:30,31,0.88,0.0491535,174380196,1320
07/13/2020 23:45,26,0.88,0.0488143,174452915,1297
07/14/2020 00:00,27,0.88,0.048913,174507149,1302
07/14/2020 00:15,24,0.88,0.0486673,174543953,1282
07/14/2020 00:30,23,0.88,0.0485272,174553509,1320
07/14/2020 00:45,22,0.88,0.0470652,174536398,1262
07/14/2020 01:00,21,0.88,0.047041,174613399,1262
07/14/2020 01:15,17,0.88,0.0468289,174295067,1249
07/14/2020 01:30,15,0.88,0.0467723,174325287,1242
07/14/2020 01:45,14,0.88,0.0466149,174355566,1228
07/14/2020 02:00,15,0.88,0.0465819,174365488,1223
07/14/2020 02:15,14,0.88,0.0465086,174387914,1216
07/14/2020 02:30,12,0.88,0.0456466,174463267,1206
07/14/2020 02:45,12,0.88,0.0453716,174488592,1200
07/14/2020 03:00,11,0.88,0.0453506,174520887,1199
07/14/2020 03:15,11,0.88,0.0453786,174544082,1200
07/14/2020 03:30,10,0.88,0.0454271,174593678,1196
07/14/2020 03:45,10,0.89,0.0454475,174609922,1197
07/14/2020 04:00,10,0.89,0.0454576,174656024,1195
07/14/2020 04:15,10,0.89,0.0454272,174675826,1197
07/14/2020 04:30,10,0.89,0.045458,174705632,1195
07/14/2020 04:45,10,0.89,0.045471,174734617,1196
07/14/2020 05:00,10,0.89,0.044507,174752777,1195
07/14/2020 05:15,10,0.89,0.0441561,174779088,1189
07/14/2020 05:30,10,0.89,0.0441591,174796580,1189
07/14/2020 05:45,10,0.89,0.0425191,174822957,1183
07/14/2020 06:00,10,0.89,0.0425198,174839781,1181
07/14/2020 06:15,11,0.89,0.044394,174865050,1201
07/14/2020 06:30,10,0.89,0.0462598,174880938,1210
07/14/2020 06:45,11,0.89,0.0460939,174909428,1206
07/14/2020 07:00,11,0.89,0.0461084,174925886,1204
07/14/2020 07:15,14,0.89,0.0467475,174951411,1221
07/14/2020 07:30,14,0.89,0.0483121,174967807,1234
07/14/2020 07:45,14,0.89,0.0484227,174993678,1232
07/14/2020 08:00,15,0.89,0.0484844,175013611,1234
07/14/2020 08:15,16,0.89,0.0486313,175041335,1294
07/14/2020 08:30,17,0.89,0.0486759,175056111,1241
07/14/2020 08:45,17,0.89,0.0485477,175083630,1235
07/14/2020 09:00,18,0.89,0.0486952,175100548,1245
07/14/2020 09:15,18,0.89,0.0488043,175126855,1293
07/14/2020 09:30,18,0.89,0.0490538,175143909,1252
07/14/2020 09:45,19,0.89,0.0500615,175170039,1261
07/14/2020 10:00,21,0.89,0.0512524,175187019,1272
07/14/2020 10:15,24,0.89,0.0521813,175218692,1292
07/14/2020 10:30,25,0.89,0.0521667,175240842,1288
07/14/2020 10:45,26,0.89,0.0522146,175269999,1294
07/14/2020 11:00,31,0.89,0.0541527,175291899,1308
07/14/2020 11:15,27,0.88,0.0546391,175316765,1307
07/14/2020 11:30,26,0.88,0.0548438,175314877,1321
07/14/2020 11:45,24,0.88,0.0567024,175314592,1315
07/14/2020 12:00,27,0.88,0.0570475,175315460,1317
07/14/2020 12:15,27,0.88,0.0583614,175316472,1315
07/14/2020 12:30,27,0.88,0.0593399,175316576,1319
07/14/2020 12:45,28,0.88,0.0581202,175319385,1315
07/14/2020 13:00,29,0.88,0.058315,175324445,1316
07/14/2020 13:15,36,0.88,0.0583245,175365005,1331
07/14/2020 13:30,40,0.88,0.0586302,175392429,1349
07/14/2020 13:45,40,0.88,0.0586897,175423161,1350
07/14/2020 14:00,40,0.88,0.0571049,175431529,1350
07/14/2020 14:15,41,0.88,0.0552906,175435908,1331
07/14/2020 14:30,41,0.88,0.0532357,175441159,1327
07/14/2020 14:45,38,0.88,0.0529744,175444998,1317
07/14/2020 15:00,40,0.88,0.0530173,175449307,1328
07/14/2020 15:15,34,0.88,0.0524731,175449956,1309
07/14/2020 15:30,32,0.88,0.0524762,175457535,1296
07/14/2020 15:45,29,0.87,0.0524139,175463034,1285
07/14/2020 16:00,32,0.87,0.0527722,175468642,1298
07/14/2020 16:15,35,0.87,0.0545905,175605776,1331
07/14/2020 16:30,31,0.87,0.0546947,175609116,1313
07/14/2020 16:45,33,0.87,0.0548841,175615955,1317
07/14/2020 17:00,33,0.87,0.0547783,175621517,1308
07/14/2020 17:15,32,0.87,0.055577,175624990,1318
07/14/2020 17:30,29,0.87,0.055256,175631346,1310
07/14/2020 17:45,27,0.87,0.0559769,175633806,1315
07/14/2020 18:00,27,0.87,0.0559286,175636206,1317
07/14/2020 18:15,27,0.87,0.0521978,175638336,1298
07/14/2020 18:30,31,0.87,0.053127,175638512,1323
07/14/2020 18:45,33,0.87,0.0523066,175639308,1316
07/14/2020 19:00,34,0.87,0.0523475,175640136,1317
07/14/2020 19:15,35,0.87,0.0528438,175640327,1321
07/14/2020 19:30,38,0.87,0.0525524,175641508,1330
07/14/2020 19:45,38,0.87,0.0511272,175642747,1331
07/14/2020 20:00,35,0.87,0.0508287,175643378,1318
07/14/2020 20:15,35,0.86,0.0517599,175645079,1325
07/14/2020 20:30,33,0.86,0.0517466,175646994,1316
07/14/2020 20:45,36,0.86,0.0519497,175648818,1325
07/14/2020 21:00,32,0.86,0.0517658,175651032,1332
07/14/2020 21:45,20,0.86,0.0518239,172048465,1288
07/14/2020 21:15,23,0.86,0.0523077,172048466,1288
07/14/2020 21:30,21,0.86,0.0526293,172048466,1282
07/14/2020 22:00,21,0.86,0.0516599,172048264,1278
07/14/2020 22:15,19,0.86,0.049509,175624502,1239
07/14/2020 22:30,18,0.86,0.0497265,175508617,1233
07/14/2020 22:45,16,0.86,0.0496545,172233088,1233
07/14/2020 23:00,17,0.86,0.0510153,174799210,1244
07/14/2020 23:15,17,0.86,0.0509246,174804803,1250
07/14/2020 23:30,18,0.86,0.0521554,174806618,1257
07/14/2020 23:45,14,0.86,0.0505056,174808962,1225
07/15/2020 00:00,14,0.86,0.0504528,174812276,1234
07/15/2020 00:15,13,0.86,0.0498811,174792668,1218
07/15/2020 00:30,13,0.85,0.0499684,174792153,1222
07/15/2020 00:45,13,0.85,0.0479663,174732259,1247
07/15/2020 01:00,13,0.85,0.0496972,174716573,1218
07/15/2020 01:15,14,0.85,0.0492672,174695316,1216
07/15/2020 01:30,13,0.85,0.048228,174689149,1204
07/15/2020 01:45,11,0.85,0.0491478,174669713,1204
07/15/2020 02:00,11,0.85,0.0483115,174658011,1196
07/15/2020 02:15,9,0.85,0.0479268,174633515,1187
07/15/2020 02:30,11,0.85,0.0482816,174623349,1196
07/15/2020 02:45,10,0.85,0.0479185,174613497,1190
07/15/2020 03:00,9,0.85,0.0481442,174598504,1195
07/15/2020 03:15,8,0.85,0.0479144,174586660,1189
07/15/2020 03:30,8,0.85,0.0481955,174585710,1189
07/15/2020 03:45,9,0.85,0.0478984,174590566,1186
07/15/2020 04:00,8,0.85,0.0481524,174595619,1184
07/15/2020 04:15,8,0.85,0.0478747,174599628,1186
07/15/2020 04:30,9,0.85,0.0480882,174602684,1187
07/15/2020 04:45,9,0.85,0.0496088,174606778,1203
07/15/2020 05:00,6,0.84,0.0504269,174610441,1205
07/15/2020 05:15,7,0.84,0.0494285,174613520,1203
07/15/2020 05:30,6,0.84,0.051231,174616537,1201
07/15/2020 05:45,8,0.84,0.0488162,174619609,1196
07/15/2020 06:00,8,0.84,0.0488288,174624233,1193
07/15/2020 06:15,8,0.84,0.0484393,174628177,1194
07/15/2020 06:30,9,0.84,0.0487942,174631411,1197
07/15/2020 06:45,9,0.84,0.0484548,174633623,1197
07/15/2020 07:00,9,0.84,0.0488506,174635347,1200
07/15/2020 07:15,11,0.84,0.0486453,174635743,1203
07/15/2020 07:30,13,0.84,0.0491824,174636388,1216
07/15/2020 07:45,11,0.84,0.0508194,174638412,1223
07/15/2020 08:00,11,0.84,0.0520348,174639418,1239
07/15/2020 08:15,10,0.84,0.0526807,174639601,1229
07/15/2020 08:30,10,0.84,0.05337,174640444,1239
07/15/2020 08:45,10,0.84,0.0519291,174640334,1233
07/15/2020 09:00,10,0.84,0.0530421,174640687,1253
07/15/2020 09:15,8,0.84,0.0517959,174645107,1229
07/15/2020 09:30,10,0.83,0.0507389,174645823,1224
07/15/2020 09:45,11,0.83,0.0516826,174646002,1238
07/15/2020 10:00,13,0.83,0.052314,174647182,1247
07/15/2020 10:15,16,0.83,0.052718,174647411,1265
07/15/2020 10:30,18,0.83,0.0539682,174647826,1279
07/15/2020 10:45,18,0.83,0.0523297,174648871,1288
07/15/2020 11:00,20,0.83,0.05182,174651348,1271
07/15/2020 11:15,23,0.83,0.0527262,174653115,1290
07/15/2020 11:30,25,0.83,0.0530147,174655546,1303
07/15/2020 11:45,25,0.83,0.495756,174720589,1304
07/15/2020 12:00,25,0.83,0.52557,174797076,1295
07/15/2020 12:15,27,0.83,0.0496504,174835786,1351
07/15/2020 12:30,27,0.83,0.0540433,174832356,1319
07/15/2020 12:45,29,0.83,0.0559905,174839727,1343
07/15/2020 13:00,28,0.83,0.0570542,174856764,1425
07/15/2020 13:15,31,0.83,0.0576791,174875672,1379
07/15/2020 13:30,33,0.83,0.0568748,174891259,1387
07/15/2020 13:45,33,0.83,0.056949,175155151,1378
07/15/2020 14:00,38,0.83,0.0573832,175363171,1410
07/15/2020 14:15,40,0.83,0.0570705,175393550,1401
07/15/2020 14:30,40,0.83,0.0570726,175409021,1415
07/15/2020 14:45,37,0.82,0.0553682,175432579,1386
07/15/2020 15:00,34,0.82,0.054469,175460992,1412
07/15/2020 15:15,33,0.82,0.0555084,175484594,1397
07/15/2020 15:30,32,0.82,0.055916,175505787,1387
07/15/2020 15:45,35,0.82,0.0558314,175530586,1406
07/15/2020 16:00,34,0.82,0.0565468,175552865,1412
07/15/2020 16:15,37,0.82,0.0571558,175571296,1417
07/15/2020 16:30,35,0.82,0.0569754,175582831,1410
07/15/2020 16:45,38,0.82,0.0567382,175603040,1427
07/15/2020 17:00,35,0.82,0.0576524,175632022,1409
07/15/2020 17:15,33,0.82,0.0574738,175717675,1408
07/15/2020 17:30,29,0.82,0.0573335,175731548,1388
07/15/2020 17:45,26,0.82,0.0571111,175739606,1374
07/15/2020 18:00,24,0.82,0.0563785,175753644,1370
07/15/2020 18:15,25,0.82,0.0561021,175783109,1374
07/15/2020 18:30,25,0.82,0.0571264,175801869,1439
07/15/2020 18:45,26,0.82,0.0561864,175830275,1378
07/15/2020 19:00,26,0.82,0.0564936,175848744,1397
07/15/2020 19:15,28,0.82,0.0567717,175870528,1369
07/15/2020 19:30,30,0.82,0.0565087,175896990,1366
07/15/2020 19:45,30,0.82,0.057275,175914918,1369
07/15/2020 20:00,28,0.81,0.0576107,175943724,1355
07/15/2020 20:15,27,0.81,0.0581568,175955648,1362
07/15/2020 20:30,26,0.81,0.0586892,175972102,1359
07/15/2020 20:45,25,0.81,0.0615931,176003788,1387
07/15/2020 21:00,25,0.81,0.0582787,176019044,1358
07/15/2020 21:15,27,0.81,0.0580508,176047551,1363
07/15/2020 21:30,28,0.81,0.0583832,176066031,1367
07/15/2020 21:45,25,0.81,0.054959,176080659,1345
07/15/2020 22:00,24,0.81,0.0552411,176106839,1338
07/15/2020 22:15,25,0.81,0.0546079,176123387,1338
07/15/2020 22:30,26,0.81,0.0547714,176093311,1337
07/15/2020 22:45,26,0.81,0.0544237,176118603,1324
07/15/2020 23:00,27,0.81,0.0547802,174987522,1332
07/15/2020 23:15,26,0.81,0.0505995,175023673,1301
07/15/2020 23:30,26,0.81,0.0506081,175046135,1289
07/15/2020 23:45,21,0.81,0.0491237,175075254,1266
07/16/2020 00:00,17,0.81,0.0512984,175091447,1288
07/16/2020 00:15,17,0.81,0.0499437,175134235,1273
07/16/2020 00:30,17,0.81,0.0496197,175162738,1264
07/16/2020 00:45,16,0.81,0.0493419,175137432,1280
07/16/2020 01:00,14,0.80,0.0479309,175133938,1261
07/16/2020 01:15,13,0.80,0.0475858,175133592,1255
07/16/2020 01:30,8,0.80,0.0477001,175157199,1245
07/16/2020 01:45,8,0.80,0.0472298,175175734,1227
07/16/2020 02:00,9,0.80,0.0475773,175179589,1231
07/16/2020 02:15,9,0.80,0.0471646,175215489,1222
07/16/2020 02:30,8,0.80,0.0474491,175253256,1218
07/16/2020 02:45,9,0.80,0.0471034,175266972,1220
07/16/2020 03:00,7,0.80,0.0473713,175280736,1215
07/16/2020 03:15,7,0.80,0.047045,175293180,1213
07/16/2020 03:30,6,0.80,0.0473231,175308252,1209
07/16/2020 03:45,6,0.80,0.0469929,175308587,1208
07/16/2020 04:00,6,0.80,0.0473294,175323230,1209
07/16/2020 04:15,6,0.80,0.0470369,175337451,1208
07/16/2020 04:30,6,0.80,0.0473289,175352267,1210
07/16/2020 04:45,5,0.80,0.0458899,175364766,1188
07/16/2020 05:00,5,0.80,0.0460443,175379228,1189
07/16/2020 05:15,5,0.80,0.0452473,175380314,1159
07/16/2020 05:30,6,0.80,0.0460733,175406566,1169
07/16/2020 05:45,6,0.80,0.0457583,175407987,1166
07/16/2020 06:00,5,0.79,0.0460868,175409157,1165
07/16/2020 06:15,5,0.79,0.0457018,175423394,1163
07/16/2020 06:30,5,0.79,0.046038,175423974,1164
07/16/2020 06:45,5,0.79,0.0456709,175437308,1156
07/16/2020 07:00,5,0.79,0.046085,175439058,1168
07/16/2020 07:15,6,0.79,0.0457869,175453423,1176
07/16/2020 07:30,7,0.79,0.046755,175454640,1195
07/16/2020 07:45,7,0.79,0.0470292,175467301,1194
07/16/2020 08:00,7,0.79,0.0472366,175470011,1191
07/16/2020 08:15,8,0.79,0.0469635,175470968,1195
07/16/2020 08:30,9,0.79,0.0484772,175486074,1213
07/16/2020 08:45,9,0.79,0.0468888,175487021,1180
07/16/2020 09:00,10,0.79,0.0482881,175505381,1198
07/16/2020 09:15,12,0.79,0.048054,175506090,1201
07/16/2020 09:30,15,0.79,0.0485521,175520914,1229
07/16/2020 09:45,16,0.79,0.049391,175533756,1249
07/16/2020 10:00,18,0.79,0.0492273,175565251,1275
07/16/2020 10:15,22,0.79,0.0491426,175580529,1260
07/16/2020 10:30,20,0.79,0.0494145,175594429,1261
07/16/2020 10:45,26,0.79,0.051182,175608320,1305
07/16/2020 11:00,30,0.78,0.0518057,175621107,1326
07/16/2020 11:15,29,0.78,0.0513723,175635088,1315
07/16/2020 11:30,28,0.78,0.0516247,175648048,1311
07/16/2020 11:45,28,0.78,0.0519634,175680499,1303
07/16/2020 12:00,29,0.78,0.0519385,175696210,1305
07/16/2020 12:15,26,0.78,0.0531486,175714520,1309
07/16/2020 12:30,28,0.78,0.0536764,175734108,1320
07/16/2020 12:45,29,0.78,0.0534456,175753075,1321
07/16/2020 13:00,28,0.78,0.0543973,175767419,1336
07/16/2020 13:15,29,0.78,0.0541441,175782610,1335
07/16/2020 13:30,30,0.78,0.0557341,175788391,1358
07/16/2020 13:45,30,0.78,0.0554153,175794184,1351
07/16/2020 14:00,33,0.78,0.0565806,175799884,1379
07/16/2020 14:15,35,0.78,0.0572266,175816017,1387
07/16/2020 14:30,35,0.78,0.0575669,175829931,1393
07/16/2020 14:45,35,0.78,0.055713,175841879,1382
07/16/2020 15:00,36,0.78,0.0570173,175857248,1402
07/16/2020 15:15,37,0.78,0.0568743,175872843,1439
07/16/2020 15:30,35,0.78,0.0582852,175885738,1436
07/16/2020 15:45,36,0.78,0.0580331,175901481,1461
07/16/2020 16:00,34,0.78,0.0595185,175917270,1458
07/16/2020 16:15,34,0.78,0.0622451,175933111,1477
07/16/2020 16:30,35,0.77,0.0616304,175949374,1494
07/16/2020 16:45,35,0.77,0.0604707,175956939,1475
07/16/2020 17:00,36,0.77,0.0623814,175987912,1473
07/16/2020 17:15,39,0.77,0.0640482,176003701,1537
07/16/2020 17:30,40,0.77,0.0594537,176015714,1468
07/16/2020 17:45,38,0.77,0.0590796,176029205,1431
07/16/2020 18:00,33,0.77,0.0583742,176047799,1419
07/16/2020 18:15,28,0.77,0.0577288,176061615,1402
07/16/2020 18:30,24,0.77,0.0579033,176072180,1319
07/16/2020 18:45,23,0.77,0.0590731,176085344,1325
07/16/2020 19:00,24,0.77,0.0592044,176102443,1333
07/16/2020 19:15,26,0.77,0.0606523,176117366,1361
07/16/2020 19:30,27,0.77,0.0609947,176128519,1367
07/16/2020 19:45,27,0.77,0.061146,176149053,1361
07/16/2020 20:00,27,0.77,0.0598116,176160691,1359
07/16/2020 20:15,26,0.77,0.0698969,176174906,1425
07/16/2020 20:30,23,0.77,0.0806848,176188535,1408
07/16/2020 20:45,24,0.77,0.0911683,176204802,1404
07/16/2020 21:00,26,0.77,0.102778,176215688,1424
07/16/2020 21:15,28,0.77,0.112047,176227360,1422
07/16/2020 21:30,25,0.77,0.122174,176232818,1399
07/16/2020 21:45,25,0.77,0.131728,176235019,1378
07/16/2020 22:00,23,0.77,0.141052,176252942,1382
07/16/2020 22:15,22,0.77,0.150614,176254292,1361
07/16/2020 22:30,22,0.77,0.161192,176256305,1361
07/16/2020 22:45,19,0.77,0.170842,176173816,1340
07/16/2020 23:00,19,0.77,0.181111,176073435,1346
07/16/2020 23:15,21,0.77,0.190066,175757385,1365
07/16/2020 23:30,20,0.77,0.0553683,175754073,1315
07/16/2020 23:45,20,0.77,0.0531842,175767759,1294
07/17/2020 00:00,20,0.77,0.0531231,175770383,1298
07/17/2020 00:15,22,0.77,0.0530689,175767457,1295
07/17/2020 00:30,21,0.77,0.0534725,175784678,1299
07/17/2020 00:45,18,0.77,0.0530278,175750673,1282
07/17/2020 01:00,17,0.77,0.0523041,175735478,1274
07/17/2020 01:15,17,0.77,0.0520773,175723655,1273
07/17/2020 01:30,17,0.77,0.0523499,175745343,1274
07/17/2020 01:45,17,0.77,0.0520172,175741293,1272
07/17/2020 02:00,15,0.77,0.0521817,175743818,1273
07/17/2020 02:15,15,0.77,0.0518598,175760403,1265
07/17/2020 02:30,14,0.77,0.0521049,175800413,1263
07/17/2020 02:45,14,0.77,0.0515198,175808227,1257
07/17/2020 03:00,12,0.77,0.051651,175810135,1244
07/17/2020 03:15,11,0.77,0.0512848,175812060,1238
07/17/2020 03:30,11,0.77,0.0516724,175816244,1245
07/17/2020 03:45,11,0.77,0.0512792,175816792,1237
07/17/2020 04:00,11,0.77,0.0516727,175818880,1248
07/17/2020 04:15,10,0.77,0.0512454,175820050,1241
07/17/2020 04:30,10,0.77,0.0516303,175822723,1236
07/17/2020 04:45,10,0.77,0.0512615,175823826,1235
07/17/2020 05:00,9,0.77,0.0511428,175823722,1223
07/17/2020 05:15,8,0.77,0.0506973,175824837,1212
07/17/2020 05:30,8,0.77,0.0510673,175826703,1216
07/17/2020 05:45,8,0.76,0.0506965,175827508,1212
07/17/2020 06:00,8,0.76,0.0510376,175828920,1222
07/17/2020 06:15,7,0.76,0.0507139,175828435,1217
07/17/2020 06:30,6,0.76,0.0527151,175829440,1236
07/17/2020 06:45,6,0.76,0.0524439,175829626,1228
07/17/2020 07:00,6,0.76,0.0527419,175830895,1229
07/17/2020 07:15,6,0.76,0.0528649,175831288,1231
07/17/2020 07:30,7,0.76,0.0527709,175832137,1235
07/17/2020 07:45,12,0.76,0.0529993,175836475,1250
07/17/2020 08:00,13,0.76,0.0534661,175832349,1264
07/17/2020 08:15,16,0.76,0.0538686,175836588,1285
07/17/2020 08:30,15,0.76,0.0536239,175857688,1285
07/17/2020 08:45,16,0.76,0.0533833,175863678,1283
07/17/2020 09:00,20,0.76,0.0540509,175866449,1302
07/17/2020 09:15,20,0.76,0.0525378,175874878,1304
07/17/2020 09:30,24,0.76,0.0533373,175888679,1334
07/17/2020 09:45,24,0.76,0.0532191,175908284,1345
07/17/2020 10:00,23,0.76,0.0531589,175921463,1328
07/17/2020 10:15,27,0.76,0.0530692,175932007,1339
07/17/2020 10:30,29,0.76,0.0536321,175947380,1350
07/17/2020 10:45,30,0.76,0.0532914,175957509,1347
07/17/2020 11:00,36,0.76,0.0544671,175971014,1382
07/17/2020 11:15,36,0.76,0.0557446,175979805,1384
07/17/2020 11:30,34,0.76,0.0569343,176004381,1386
07/17/2020 11:45,34,0.76,0.0570406,176017495,1390
07/17/2020 12:00,34,0.76,0.0571646,176041554,1395
07/17/2020 12:15,35,0.76,0.0572012,175983082,1398
07/17/2020 12:30,36,0.76,0.0572713,176014349,1414
07/17/2020 12:45,34,0.76,0.0578906,176042526,1412
07/17/2020 13:00,30,0.76,0.36948,176093517,1584
07/17/2020 13:15,32,0.77,0.802266,176119713,1594
07/17/2020 13:30,35,0.77,0.0589548,176146591,1417
07/17/2020 13:45,35,0.77,0.0585419,176160947,1408
07/17/2020 14:00,35,0.77,0.0590943,176188129,1411
07/17/2020 14:15,35,0.77,0.0587516,176202135,1409
07/17/2020 14:30,36,0.77,0.0590767,176228667,1420
07/17/2020 14:45,39,0.77,0.0604072,176237864,1438
07/17/2020 15:00,34,0.77,0.0610258,176384143,1429
07/17/2020 15:15,34,0.77,0.0603327,176411229,1436
07/17/2020 15:30,35,0.77,0.0603164,176446807,1435
07/17/2020 15:45,34,0.77,0.0596304,176487584,1429
07/17/2020 16:00,35,0.77,0.0594505,176513356,1434
07/17/2020 16:15,34,0.77,0.0579313,176524362,1416
07/17/2020 16:30,34,0.77,0.058817,176547777,1435
07/17/2020 16:45,32,0.77,0.0583226,176563718,1420
07/17/2020 17:00,29,0.77,0.0599783,176592202,1429
07/17/2020 17:15,28,0.77,0.0598787,176604772,1420
07/17/2020 17:30,29,0.77,0.0597491,176630752,1420
07/17/2020 17:45,27,0.77,0.0603774,176651533,1405
07/17/2020 18:00,30,0.77,0.0592797,176676867,1408
07/17/2020 18:15,31,0.77,0.0572755,176689996,1418
07/17/2020 18:30,33,0.77,0.0573412,176714017,1436
07/17/2020 18:45,29,0.77,0.0579474,176727590,1401
07/17/2020 19:00,29,0.77,0.0601353,176753569,1411
07/17/2020 19:15,34,0.77,0.0581154,176766357,1431
07/17/2020 19:30,35,0.77,0.058239,176794301,1465
07/17/2020 19:45,30,0.78,0.0590302,176809793,1427
07/17/2020 20:00,30,0.78,0.0582866,176837639,1441
07/17/2020 20:15,33,0.78,0.0580845,176857356,1435
07/17/2020 20:30,33,0.78,0.0589771,176859950,1450
07/17/2020 20:45,34,0.78,0.0580269,176876166,1497
07/17/2020 21:00,35,0.78,0.0566809,176883513,1472
07/17/2020 21:15,32,0.78,0.0562628,176906146,1435
07/17/2020 21:30,28,0.78,0.05631,176938289,1397
07/17/2020 21:45,29,0.78,0.0560054,176956176,1406
07/17/2020 22:00,27,0.78,0.0558679,176964503,1403
07/17/2020 22:15,27,0.78,0.0555903,176739647,1405
07/17/2020 22:30,25,0.78,0.0546915,176488168,1390
07/17/2020 22:45,24,0.79,0.0544173,176167463,1386
07/17/2020 23:00,18,0.79,0.0537721,176174839,1357
07/17/2020 23:15,21,0.79,0.0541455,176198676,1376
07/17/2020 23:30,20,0.78,0.0551144,176200818,1361
07/17/2020 23:45,20,0.78,0.056249,176202012,1370
07/18/2020 00:00,22,0.78,0.0553209,176217459,1386
07/18/2020 00:15,18,0.78,0.0547882,176205550,1357
07/18/2020 00:30,18,0.78,0.055171,176207106,1357
07/18/2020 00:45,18,0.78,0.0547094,176152935,1351
07/18/2020 01:00,18,0.78,0.0549885,176134532,1357
07/18/2020 01:15,16,0.78,0.0544912,176109931,1339
07/18/2020 01:30,16,0.78,0.0548418,176114709,1341
07/18/2020 01:45,15,0.78,0.0545241,176115662,1351
07/18/2020 02:00,15,0.78,0.0548334,176138171,1351
07/18/2020 02:15,14,0.78,0.0544287,176147071,1343
07/18/2020 02:30,14,0.78,0.0547748,176150828,1349
07/18/2020 02:45,14,0.78,0.0544579,176183906,1345
07/18/2020 03:00,13,0.78,0.0547329,176185576,1346
07/18/2020 03:15,13,0.78,0.0545114,176184751,1345
07/18/2020 03:30,13,0.78,0.0535546,176184833,1319
07/18/2020 03:45,12,0.78,0.0540576,176185930,1323
07/18/2020 04:00,13,0.78,0.0543419,176187426,1336
07/18/2020 04:15,13,0.78,0.0542371,176185843,1338
07/18/2020 04:30,13,0.78,0.0546424,176186316,1359
07/18/2020 04:45,13,0.78,0.0544071,176186774,1359
07/18/2020 05:00,13,0.78,0.054556,176187939,1326
07/18/2020 05:15,13,0.77,0.0542556,176188882,1320
07/18/2020 05:30,12,0.77,0.0544249,176189256,1322
07/18/2020 05:45,13,0.77,0.0542207,176190562,1323
07/18/2020 06:00,14,0.77,0.0546154,176192658,1325
07/18/2020 06:15,14,0.77,0.0532432,176188573,1311
07/18/2020 06:30,13,0.77,0.0534849,176189570,1311
07/18/2020 06:45,13,0.77,0.0531366,176189553,1317
07/18/2020 07:00,12,0.77,0.0534515,176190454,1310
07/18/2020 07:15,13,0.77,0.0535889,176191277,1325
07/18/2020 07:30,13,0.77,0.0560181,176193876,1341
07/18/2020 07:45,13,0.77,0.0557808,176193763,1335
07/18/2020 08:00,13,0.77,0.0566167,176195005,1344
07/18/2020 08:15,13,0.77,0.0563009,176195338,1343
07/18/2020 08:30,15,0.77,0.0561812,176197025,1352
07/18/2020 08:45,15,0.77,0.0574826,176196797,1368
07/18/2020 09:00,16,0.77,0.0579477,176198051,1374
07/18/2020 09:15,17,0.77,0.0572324,176198734,1364
07/18/2020 09:30,18,0.77,0.0576118,176198958,1373
07/18/2020 09:45,20,0.77,0.0573623,176198849,1376
07/18/2020 10:00,23,0.77,0.0580876,176199040,1398
07/18/2020 10:15,21,0.77,0.0588022,176198225,1389
07/18/2020 10:30,23,0.77,0.0592896,176199073,1419
07/18/2020 10:45,25,0.77,0.0600606,176201150,1419
07/18/2020 11:00,26,0.77,0.0604856,176208867,1478
07/18/2020 11:15,28,0.76,0.0603271,176226322,1448
07/18/2020 11:30,29,0.76,0.060915,176238671,1470
07/18/2020 11:45,34,0.76,0.0594551,176251415,1467
07/18/2020 12:00,34,0.76,0.0597923,176262462,1480
07/18/2020 12:15,35,0.76,0.061909,176276413,1502
07/18/2020 12:30,36,0.76,0.0622265,176288235,1504
07/18/2020 12:45,34,0.76,0.0607741,176302299,1515
07/18/2020 13:00,35,0.76,0.061029,176313070,1503
07/18/2020 13:15,34,0.76,0.0614886,176326259,1523
07/18/2020 13:30,34,0.76,0.0641129,176346238,1548
07/18/2020 13:45,36,0.76,0.0652015,176358664,1568
07/18/2020 14:00,35,0.76,0.0680476,176372811,1604
07/18/2020 14:15,37,0.76,0.0673548,176386962,1609
07/18/2020 14:30,39,0.76,0.0679206,176400782,1611
07/18/2020 14:45,38,0.76,0.0660358,176420666,1622
07/18/2020 15:00,38,0.76,0.0668002,176434084,1612
07/18/2020 15:15,37,0.76,0.0680397,176453067,1612
07/18/2020 15:30,38,0.76,0.0685904,176491982,1617
07/18/2020 15:45,41,0.76,0.0685367,176527107,1615
07/18/2020 16:00,43,0.76,0.116394,176566441,1889
07/18/2020 16:15,39,0.76,0.0689599,176604293,1616
07/18/2020 16:30,37,0.76,0.0676482,176643276,1622
07/18/2020 16:45,41,0.76,0.0686307,176669686,1630
07/18/2020 17:00,42,0.76,0.0688358,176684032,1620
07/18/2020 17:15,40,0.76,0.0669618,176699019,1633
07/18/2020 17:30,40,0.76,0.0711102,176716392,1631
07/18/2020 17:45,47,0.76,0.0734969,176737036,1683
07/18/2020 18:00,43,0.76,0.0694734,176757712,1681
07/18/2020 18:15,42,0.76,0.0697829,176771886,1610
07/18/2020 18:30,42,0.76,0.0719554,176782914,1631
07/18/2020 18:45,41,0.76,0.0724831,176798898,1661
07/18/2020 19:00,41,0.76,0.0744088,176814755,1647
07/18/2020 19:15,40,0.76,0.0740072,176832593,1642
07/18/2020 19:30,40,0.76,0.0739501,176846702,1673
07/18/2020 19:45,37,0.76,0.0734713,176864428,1625
07/18/2020 20:00,33,0.77,0.0736859,176879242,1613
07/18/2020 20:15,31,0.77,0.0723185,176895831,1588
07/18/2020 20:30,30,0.77,0.0704563,176912314,1571
07/18/2020 20:45,28,0.77,0.0711998,176918965,1549
07/18/2020 21:00,28,0.77,0.0709809,176936719,1555
07/18/2020 21:15,30,0.77,0.07086,177023451,1559
07/18/2020 21:30,29,0.77,0.0703544,177115676,1650
07/18/2020 21:45,29,0.77,0.0706967,177201075,1568
07/18/2020 22:00,29,0.77,0.0712298,177247997,1566
07/18/2020 22:15,30,0.77,0.0731866,177242457,1593
07/18/2020 22:30,30,0.77,0.0745538,177203302,1622
07/18/2020 22:45,27,0.77,0.0734379,177162371,1621
07/18/2020 23:00,27,0.78,0.0738428,177167810,1624
07/18/2020 23:15,27,0.78,0.0734419,177169991,1543
07/18/2020 23:30,27,0.78,0.0734428,177184311,1524
07/18/2020 23:45,28,0.78,0.072867,177191960,1512
07/19/2020 00:00,29,0.78,0.071791,177193696,1507
07/19/2020 00:15,26,0.78,0.0706147,177195595,1473
07/19/2020 00:30,26,0.78,0.0717264,177207074,1475
07/19/2020 00:45,27,0.78,0.0714401,177128025,1479
07/19/2020 01:00,25,0.78,0.0686253,177119265,1455
07/19/2020 01:15,28,0.78,0.0683637,177110910,1459
07/19/2020 01:30,25,0.78,0.0686349,177133641,1444
07/19/2020 01:45,22,0.78,0.0682449,177135501,1443
07/19/2020 02:00,20,0.79,0.0679713,177137138,1431
07/19/2020 02:15,21,0.79,0.0676786,177146831,1432
07/19/2020 02:30,19,0.79,0.0660286,177184771,1383
07/19/2020 02:45,18,0.79,0.0654764,177185871,1367
07/19/2020 03:00,15,0.79,0.0661545,177187785,1369
07/19/2020 03:15,14,0.79,0.0641556,177188983,1347
07/19/2020 03:30,16,0.79,0.0646796,177189493,1359
07/19/2020 03:45,15,0.79,0.0642874,177190400,1353
07/19/2020 04:00,15,0.79,0.0628865,177190993,1346
07/19/2020 04:15,12,0.79,0.0624303,177190686,1341
07/19/2020 04:30,12,0.79,0.0624225,177191132,1356
07/19/2020 04:45,12,0.79,0.0621552,177190953,1365
07/19/2020 05:00,12,0.80,0.0624655,177192039,1374
07/19/2020 05:15,12,0.80,0.0620447,177191747,1349
07/19/2020 05:30,12,0.80,0.0623554,177192430,1354
07/19/2020 05:45,12,0.80,0.0620534,177192683,1362
07/19/2020 06:00,12,0.80,0.0623686,177193326,1357
07/19/2020 06:15,12,0.80,0.0621191,177193258,1353
07/19/2020 06:30,11,0.80,0.0623511,177193889,1350
07/19/2020 06:45,11,0.80,0.0620821,177193833,1349
07/19/2020 07:00,11,0.80,0.0623816,177194358,1350
07/19/2020 07:15,12,0.80,0.0621475,177194052,1353
07/19/2020 07:30,12,0.80,0.0616222,177193919,1330
07/19/2020 07:45,12,0.80,0.0636872,177194060,1346
07/19/2020 08:00,13,0.80,0.0650923,177193942,1364
07/19/2020 08:15,16,0.81,0.0648878,177195268,1365
07/19/2020 08:30,17,0.81,0.065252,177196305,1384
07/19/2020 08:45,17,0.80,0.064953,177196008,1363
07/19/2020 09:00,21,0.80,0.0684226,177196485,1422
07/19/2020 09:15,20,0.80,0.0687302,177196788,1435
07/19/2020 09:30,23,0.80,0.0688867,177197569,1472
07/19/2020 09:45,23,0.80,0.0694399,177201662,1470
07/19/2020 10:00,25,0.80,0.0697387,177203810,1492
07/19/2020 10:15,25,0.80,0.068443,177204585,1498
07/19/2020 10:30,25,0.80,0.0704201,177215678,1513
07/19/2020 10:45,26,0.80,0.0505205,177227722,1573
07/19/2020 11:00,26,0.80,0.0533986,177240664,1534
07/19/2020 11:15,26,0.80,0.0526955,177254190,1541
07/19/2020 11:30,30,0.80,0.0509688,177265319,1551
07/19/2020 11:45,30,0.80,0.0497784,177276643,1534
07/19/2020 12:00,33,0.80,0.0493758,177289736,1570
07/19/2020 12:15,30,0.80,0.0490349,177300564,1580
07/19/2020 12:30,32,0.80,0.0507058,177311762,1610
07/19/2020 12:45,37,0.80,0.0527436,177326646,1635
07/19/2020 13:00,42,0.80,0.0530663,177342038,1687
07/19/2020 13:15,46,0.80,0.0556844,177356300,1723
07/19/2020 13:30,42,0.80,0.053097,177367695,1700
07/19/2020 13:45,42,0.80,0.0541777,177381725,1717
07/19/2020 14:00,42,0.80,0.0567118,177393794,1734
07/19/2020 14:15,44,0.80,0.0564511,177409692,1815
07/19/2020 14:30,42,0.80,0.0588222,177420724,1766
07/19/2020 14:45,42,0.80,0.0575827,177434249,1760
07/19/2020 15:00,43,0.80,0.0582689,177445659,1793
07/19/2020 15:15,43,0.80,0.0570773,177459064,1790
07/19/2020 15:30,42,0.80,0.0581821,177470166,1822
07/19/2020 15:45,42,0.80,0.0594862,177481677,1793
07/19/2020 16:00,41,0.80,0.0610952,177494201,1813
07/19/2020 16:15,43,0.79,0.0632648,177512419,1837
07/19/2020 16:30,40,0.79,0.0625907,177525920,1834
07/19/2020 16:45,41,0.80,0.062788,177537632,1881
07/19/2020 17:00,43,0.80,0.0601257,177549521,1859
07/19/2020 17:15,42,0.80,0.0620895,177563595,1877
07/19/2020 17:30,46,0.80,0.0629341,177572455,1885
07/19/2020 17:45,47,0.80,0.0607295,177584717,1919
07/19/2020 18:00,48,0.80,0.0604421,177598634,1921
07/19/2020 18:15,47,0.80,0.0607862,177611712,1908
07/19/2020 18:30,50,0.80,0.0637331,177631353,1956
07/19/2020 18:45,48,0.80,0.0637833,177644615,1949
07/19/2020 19:00,48,0.80,0.0638963,177656758,1959
07/19/2020 19:15,49,0.80,0.0601094,177669968,1965
07/19/2020 19:30,49,0.80,0.0606351,177680851,1952
07/19/2020 19:45,50,0.80,0.0563221,177693941,1876
07/19/2020 20:00,53,0.80,0.0558093,177706776,1885
07/19/2020 20:15,51,0.80,0.0550937,177719897,1879
07/19/2020 20:30,51,0.80,0.0539545,177730022,1879
07/19/2020 20:45,53,0.80,0.0539091,177742562,1898
07/19/2020 21:00,54,0.80,0.0542932,177754819,1902
07/19/2020 21:15,49,0.80,0.0538267,177768071,1885
07/19/2020 21:30,50,0.80,0.0535609,177782273,1908
07/19/2020 21:45,45,0.80,0.052856,177795459,1699
07/19/2020 22:00,44,0.80,0.0524081,177809119,1683
07/19/2020 22:15,42,0.80,0.0512598,177821651,1675
07/19/2020 22:30,41,0.80,0.0511192,177753827,1668
07/19/2020 22:45,39,0.80,0.0494064,177760110,1553
07/19/2020 23:00,38,0.80,0.0500497,176430526,1547
07/19/2020 23:15,37,0.80,0.0483695,176432420,1533
07/19/2020 23:30,38,0.80,0.0484663,176433762,1532
07/19/2020 23:45,37,0.80,0.0480365,176435558,1511
07/20/2020 00:00,36,0.80,0.0512963,176437531,1542
07/20/2020 00:15,36,0.81,0.0495594,176437951,1539
07/20/2020 00:30,33,0.81,0.0497169,176431637,1509
07/20/2020 00:45,29,0.81,0.0493224,176406867,1498
07/20/2020 01:00,29,0.81,0.0496465,176403673,1501
07/20/2020 01:15,30,0.81,0.0494125,176403672,1498
07/20/2020 01:30,30,0.81,0.0497058,176423130,1500
07/20/2020 01:45,31,0.81,0.0493977,176423173,1497
07/20/2020 02:00,30,0.81,0.0497941,176426188,1506
07/20/2020 02:15,29,0.81,0.0495081,176438488,1507
07/20/2020 02:30,30,0.81,0.050289,176477613,1507
07/20/2020 02:45,25,0.81,0.0488056,176480239,1451
07/20/2020 03:00,26,0.81,0.0477732,176483093,1470
07/20/2020 03:15,25,0.81,0.047108,176485154,1443
07/20/2020 03:30,24,0.81,0.0480696,176487739,1436
07/20/2020 03:45,22,0.81,0.0468677,176490732,1425
07/20/2020 04:00,21,0.81,0.0483602,176493139,1433
07/20/2020 04:15,20,0.81,0.0480078,176494967,1431
07/20/2020 04:30,18,0.81,0.0482108,176497885,1408
07/20/2020 04:45,17,0.81,0.0456801,176500301,1391
07/20/2020 05:00,16,0.81,0.0457861,176503152,1388
07/20/2020 05:15,15,0.81,0.0459393,176504616,1396
07/20/2020 05:30,15,0.81,0.046349,176508522,1391
07/20/2020 05:45,16,0.81,0.0460559,176512923,1392
07/20/2020 06:00,16,0.81,0.0470751,176515171,1404
07/20/2020 06:15,16,0.81,0.0467691,176517061,1399
07/20/2020 06:30,17,0.82,0.0471841,176520476,1403
07/20/2020 06:45,18,0.82,0.0469317,176522956,1404
07/20/2020 07:00,21,0.82,0.0473985,176526212,1414
07/20/2020 07:15,22,0.82,0.0471255,176526600,1421
07/20/2020 07:30,24,0.82,0.0486614,176529109,1427
07/20/2020 07:45,24,0.82,0.0479346,176530646,1449
07/20/2020 08:00,25,0.82,0.0517363,176532816,1490
07/20/2020 08:15,31,0.82,0.0519798,176533047,1537
07/20/2020 08:30,33,0.82,0.0549644,176535371,1577
07/20/2020 08:45,36,0.82,0.0549501,176536024,1614
07/20/2020 09:00,36,0.82,0.0560654,176537601,1611
07/20/2020 09:15,36,0.82,0.0558147,176537804,1618
07/20/2020 09:30,42,0.82,0.0576558,176506657,1650
07/20/2020 09:45,46,0.82,0.0575713,176511867,1677
07/20/2020 10:00,47,0.82,0.0577761,176521272,1717
07/20/2020 10:15,53,0.82,0.058173,176533888,1745
07/20/2020 10:30,58,0.82,0.0603414,176541848,1774
07/20/2020 10:45,63,0.82,0.0609111,176569762,1857
07/20/2020 11:00,66,0.82,0.0606754,176638361,1837
07/20/2020 11:15,70,0.82,0.0614184,176709369,1857
07/20/2020 11:30,72,0.82,0.0560493,176776262,1844
07/20/2020 11:45,75,0.82,0.0331108,176807917,1444
07/20/2020 12:00,74,0.82,0.0330077,176825353,1434
07/20/2020 12:15,75,0.82,0.0323556,176844981,1503
07/20/2020 12:30,74,0.82,0.0341737,176854452,1506
07/20/2020 12:45,73,0.82,0.0339774,176866845,1504
07/20/2020 13:00,70,0.82,0.0344485,176885598,1521
07/20/2020 13:15,73,0.82,0.0354138,176901089,1610
07/20/2020 13:30,75,0.82,0.0375376,176912943,1751
07/20/2020 13:45,73,0.82,0.0355497,176928186,1798
07/20/2020 14:00,80,0.82,0.0362871,176943219,1872
07/20/2020 14:15,80,0.82,0.0391028,176959094,1955
07/20/2020 14:30,78,0.82,0.0375141,176973148,1941
07/20/2020 14:45,81,0.82,0.0370921,176996019,1948
07/20/2020 15:00,76,0.82,0.0368272,177011781,1936
07/20/2020 15:15,75,0.82,0.0371257,177029295,1935
07/20/2020 15:30,72,0.82,0.0373557,177044215,1965
07/20/2020 15:45,69,0.82,0.0368798,177033613,1952
07/20/2020 16:00,70,0.82,0.0376209,177052192,1969
07/20/2020 16:15,71,0.82,0.037302,177066407,2046
07/20/2020 16:30,69,0.82,0.0395881,177086304,2199
07/20/2020 16:45,70,0.82,0.0435761,177103133,2011
07/20/2020 17:00,69,0.82,0.13252,177116567,1966
07/20/2020 17:15,71,0.82,0.041199,177119065,2046
07/20/2020 17:30,73,0.82,0.0411049,177120623,1822
07/20/2020 17:45,77,0.82,0.0397071,177126068,1802
07/20/2020 18:00,77,0.82,0.0423502,177128371,1821
07/20/2020 18:15,78,0.82,0.0436699,177130120,1868
07/20/2020 18:30,80,0.82,0.046407,177145578,1872
07/20/2020 18:45,81,0.82,0.0481955,177149924,1871
07/20/2020 19:00,84,0.82,0.0482429,177155670,1905
07/20/2020 19:15,85,0.82,0.047965,177158922,1936
07/20/2020 19:30,84,0.82,0.0493759,177161032,1899
07/20/2020 19:45,81,0.82,0.0517032,177162907,2012
07/20/2020 20:00,85,0.82,0.053007,177166430,1972
07/20/2020 20:15,80,0.82,0.0525085,177169334,1850
07/20/2020 20:30,80,0.82,0.0539195,177176109,1898
07/20/2020 20:45,76,0.82,0.0527578,177181706,1884
07/20/2020 21:00,74,0.82,0.0562119,177186310,1867
07/20/2020 21:15,73,0.82,0.0570579,177213378,1882
07/20/2020 21:30,72,0.82,0.0579822,177223802,1886
07/20/2020 21:45,71,0.82,0.0565406,177235105,1863
07/20/2020 22:00,61,0.82,0.0563138,177253888,1744
07/20/2020 22:15,62,0.82,0.0559733,177258926,1726
07/20/2020 22:30,59,0.82,0.0547687,177258471,1720
07/20/2020 22:45,56,0.82,0.0553877,177185242,1696
07/20/2020 23:00,55,0.82,0.0508635,177031292,1683
07/20/2020 23:15,52,0.82,0.0515633,177031911,1654
07/20/2020 23:30,51,0.82,0.0517109,177048615,1614
07/20/2020 23:45,50,0.82,0.050346,177049907,1626
07/21/2020 00:00,47,0.82,0.0498195,177062377,1606
07/21/2020 00:15,43,0.83,0.0493156,177067365,1600
07/21/2020 00:30,43,0.83,0.0484926,177070569,1559
07/21/2020 00:45,42,0.82,0.0472593,177047946,1560
07/21/2020 01:00,43,0.82,0.045867,177037694,1558
07/21/2020 01:15,40,0.82,0.0438759,177025536,1539
07/21/2020 01:30,38,0.82,0.0484022,177049091,1752
07/21/2020 01:45,36,0.82,0.0437963,177048299,1519
07/21/2020 02:00,35,0.82,0.0430598,177054119,1520
07/21/2020 02:15,35,0.82,0.0428743,177059310,1518
07/21/2020 02:30,31,0.82,0.0433463,177101750,1521
07/21/2020 02:45,30,0.82,0.0402496,177099094,1497
07/21/2020 03:00,29,0.82,0.0446927,177102880,1500
07/21/2020 03:15,30,0.82,0.044539,177104565,1504
07/21/2020 03:30,28,0.82,0.043467,177107957,1500
07/21/2020 03:45,28,0.82,0.0457369,177106767,1521
07/21/2020 04:00,31,0.82,0.045649,177106196,1513
07/21/2020 04:15,28,0.82,0.0435814,177106950,1503
07/21/2020 04:30,29,0.82,0.0440801,177113469,1507
07/21/2020 04:45,30,0.82,0.0452967,177148536,1525
07/21/2020 05:00,29,0.82,0.0453831,177185449,1528
07/21/2020 05:15,27,0.82,0.045007,177224874,1530
07/21/2020 05:30,25,0.82,0.0451223,177265297,1535
07/21/2020 05:45,26,0.82,0.0461702,177303788,1557
07/21/2020 06:00,26,0.82,0.0471526,177342832,1588
07/21/2020 06:15,23,0.82,0.0469244,177372410,1552
07/21/2020 06:30,24,0.82,0.0465697,177395097,1548
07/21/2020 06:45,21,0.82,0.0460816,177406369,1536
07/21/2020 07:00,20,0.82,0.0475272,177424081,1538
07/21/2020 07:15,22,0.82,0.0488595,177441170,1568
07/21/2020 07:30,21,0.82,0.046846,177461983,1550
07/21/2020 07:45,22,0.82,0.0468105,177464665,1553
07/21/2020 08:00,26,0.82,0.0474011,177465080,1574
07/21/2020 08:15,27,0.82,0.0436428,177465512,1465
07/21/2020 08:30,29,0.82,0.041874,177466112,1467
07/21/2020 08:45,32,0.82,0.0429235,177479352,1474
07/21/2020 09:00,31,0.82,0.0437542,177479457,1493
07/21/2020 09:15,33,0.82,0.042708,177481044,1491
07/21/2020 09:30,33,0.82,0.044031,177475852,1525
07/21/2020 09:45,35,0.82,0.0441808,177474920,1527
07/21/2020 10:00,40,0.82,0.0454631,177479880,1671
07/21/2020 10:15,39,0.82,0.0479516,177467314,1582
07/21/2020 10:30,44,0.82,0.0521561,177487369,1624
07/21/2020 10:45,47,0.82,0.0535641,177483390,1649
07/21/2020 11:00,50,0.82,0.0528111,177500523,1636
07/21/2020 11:15,51,0.82,0.0536007,177164500,1672
07/21/2020 11:30,52,0.81,0.0540984,177168794,1672
07/21/2020 11:45,56,0.81,0.0557591,177183659,1679
07/21/2020 12:00,55,0.81,0.0533589,177196754,1648
07/21/2020 12:15,57,0.81,0.0565209,177221166,1831
07/21/2020 12:30,61,0.81,0.0575194,177228956,1709
07/21/2020 12:45,57,0.81,0.0571874,177228861,1698
07/21/2020 13:00,62,0.81,0.0598676,177246223,1758
07/21/2020 13:15,65,0.81,0.0612081,177247129,1827
07/21/2020 13:30,68,0.81,0.0631263,177278922,1839
07/21/2020 13:45,70,0.81,0.0619836,177295548,1844
07/21/2020 14:00,69,0.81,0.0656877,177322380,1863
07/21/2020 14:15,70,0.81,0.0634846,177341645,1866
07/21/2020 14:30,71,0.81,0.0659536,177359751,1863
07/21/2020 14:45,71,0.81,0.0649718,177359015,1893
07/21/2020 15:00,73,0.81,0.0628295,177367540,1897
07/21/2020 15:15,68,0.81,0.0627351,177385755,1848
07/21/2020 15:30,65,0.81,0.0639728,177416027,1847
07/21/2020 15:45,66,0.81,0.0630116,177407073,1846
07/21/2020 16:00,61,0.82,0.064009,177423180,1774
07/21/2020 16:15,66,0.82,0.06396,177459060,1782
07/21/2020 16:30,65,0.82,0.0682024,177484716,1809
07/21/2020 16:45,64,0.82,0.0670521,177503056,1782
07/21/2020 17:00,65,0.82,0.0678943,177509928,1804
07/21/2020 17:15,67,0.82,0.069054,177526454,1838
07/21/2020 17:30,67,0.82,0.0698902,177565794,1832
07/21/2020 17:45,69,0.82,0.0693571,177577984,1837
07/21/2020 18:00,69,0.82,0.0692492,177588449,1847
07/21/2020 18:15,72,0.82,0.0703513,177589137,1901
07/21/2020 18:30,74,0.82,0.0682083,177594019,1859
07/21/2020 18:45,80,0.82,0.0681805,177610774,1878
07/21/2020 19:00,84,0.82,0.0705128,177612073,1924
07/21/2020 19:15,77,0.82,0.716268,177630929,1978
07/21/2020 19:30,75,0.83,0.0647381,177635300,1924
07/21/2020 19:45,76,0.83,0.0651257,177632668,1916
07/21/2020 20:00,75,0.83,0.159507,177652644,1850
07/21/2020 20:15,71,0.83,0.159541,177650011,1819
07/21/2020 20:30,71,0.83,0.159005,177655060,1814
07/21/2020 20:45,75,0.83,0.159799,177658050,1839
07/21/2020 21:00,75,0.83,0.15958,177662402,1830
07/21/2020 21:15,68,0.83,0.157969,177675890,1836
07/21/2020 21:30,71,0.83,0.158982,177697919,1871
07/21/2020 21:45,71,0.83,0.183376,177711429,1819
07/21/2020 22:00,67,0.84,0.972989,177710381,3006
07/21/2020 23:01,51,0.84,0.971047,177519589,3172
07/21/2020 23:15,50,0.84,0.961802,177524259,1875
07/21/2020 23:30,53,0.84,0.940926,177541728,1631
07/21/2020 23:45,50,0.84,0.0258008,177542998,1563
07/22/2020 00:00,40,0.85,0.0249842,177550057,1509
07/22/2020 00:15,31,0.85,0.024345,177557562,1458
07/22/2020 00:30,28,0.85,0.0242477,177578282,1439
07/22/2020 00:45,26,0.85,0.0229851,177544798,1420
07/22/2020 01:00,26,0.85,0.0227592,177532035,1411
07/22/2020 01:15,24,0.85,0.0217721,177542809,1395
07/22/2020 01:30,20,0.85,0.0216111,177581380,1384
07/22/2020 01:45,18,0.86,0.0214611,177609187,1372
07/22/2020 02:00,16,0.86,0.0213764,177637280,1379
07/22/2020 02:15,14,0.86,0.021309,177660654,1360
07/22/2020 02:30,13,0.86,0.0212586,177705562,1354
07/22/2020 02:45,12,0.86,0.0212059,177716545,1349
07/22/2020 03:00,11,0.86,0.021151,177736850,1334
07/22/2020 03:15,10,0.86,0.0209924,177748189,1326
07/22/2020 03:30,10,0.86,0.021,177765925,1329
07/22/2020 03:45,10,0.86,0.0223487,177770586,1328
07/22/2020 04:00,10,0.86,0.0223878,177798949,1328
07/22/2020 04:15,9,0.86,0.0223558,177818875,1329
07/22/2020 04:30,9,0.86,0.022324,177845004,1324
07/22/2020 04:45,8,0.86,0.0222407,177865669,1322
07/22/2020 05:00,8,0.86,0.0222451,177875196,1320
07/22/2020 05:15,8,0.86,0.0222982,177896961,1327
07/22/2020 05:30,9,0.86,0.0222767,177918477,1323
07/22/2020 05:45,9,0.87,0.022374,177940186,1326
07/22/2020 06:00,8,0.87,0.0222629,177964575,1317
07/22/2020 06:15,8,0.87,0.0222716,177967902,1319
07/22/2020 06:30,9,0.87,0.022383,177990039,1322
07/22/2020 06:45,9,0.87,0.023145,177998080,1338
07/22/2020 07:00,8,0.87,0.0231415,178005977,1330
07/22/2020 07:15,8,0.87,0.0231477,178013827,1334
07/22/2020 07:30,9,0.87,0.0232426,178022794,1340
07/22/2020 07:45,11,0.87,0.0232658,178032219,1345
07/22/2020 08:00,10,0.87,0.0249,178044508,1395
07/22/2020 08:15,10,0.87,0.0230725,178048461,1338
07/22/2020 08:30,11,0.87,0.024917,178061866,1352
07/22/2020 08:45,12,0.87,0.0235041,178069516,1342
07/22/2020 09:00,12,0.87,0.0236585,178081706,1341
07/22/2020 09:15,12,0.87,0.0235724,178099208,1344
07/22/2020 09:30,13,0.87,0.0237128,178112903,1344
07/22/2020 09:45,15,0.88,0.0238,178130056,1351
07/22/2020 10:00,16,0.88,0.0237851,178123739,1360
07/22/2020 10:15,19,0.88,0.0240689,178145645,1369
07/22/2020 10:30,18,0.88,0.0240251,178167891,1365
07/22/2020 10:45,17,0.88,0.0242777,178177515,1362
07/22/2020 11:00,16,0.88,0.0241447,178208913,1356
07/22/2020 11:15,20,0.88,0.0261026,178231663,1390
07/22/2020 11:30,19,0.88,0.0260886,178272200,1385
07/22/2020 11:45,19,0.88,0.0261573,178282544,1391
07/22/2020 12:00,20,0.89,0.026284,178311424,1408
07/22/2020 12:15,21,0.89,0.0264462,178271055,1405
07/22/2020 12:30,21,0.89,0.0268589,178287899,1407
07/22/2020 12:45,22,0.89,0.0264546,177965554,1409
07/22/2020 13:00,22,0.89,0.0264395,177997004,1407
07/22/2020 13:15,22,0.89,0.0268895,178020655,1411
07/22/2020 13:30,23,0.89,0.0265706,178038385,1424
07/22/2020 13:45,26,0.89,0.0268002,178045489,1441
07/22/2020 14:00,29,0.90,0.0269563,178055169,1446
07/22/2020 14:15,24,0.90,0.0266488,178057746,1422
07/22/2020 14:30,25,0.90,0.0267143,178088052,1414
07/22/2020 14:45,28,0.90,0.0269913,178106560,1446
07/22/2020 15:00,24,0.90,0.0266433,178136525,1446
07/22/2020 15:15,21,0.90,0.0260937,178142359,1413
07/22/2020 15:30,24,0.91,0.0274123,178172768,1443
07/22/2020 15:45,28,0.91,0.0277028,178192710,1468
07/22/2020 16:00,27,0.91,0.0293069,178217563,1472
07/22/2020 16:15,24,0.92,0.0303267,178221199,1483
07/22/2020 16:30,28,0.92,0.0311266,178256449,1505
07/22/2020 16:45,26,0.92,0.0312131,178264908,1493
07/22/2020 17:00,28,0.93,0.03141,178289242,1511
07/22/2020 17:15,28,0.93,0.0320408,178291643,1518
07/22/2020 17:30,29,0.94,0.0318913,178319327,1505
07/22/2020 17:45,27,0.94,0.0333924,178344775,1520
07/22/2020 18:00,25,0.95,0.0329217,178359328,1491
07/22/2020 18:15,26,0.95,0.0330675,178359136,1508
07/22/2020 18:30,30,0.96,0.0336517,178376971,1493
07/22/2020 18:45,30,0.96,0.0337383,178387439,1497
07/22/2020 19:00,26,0.97,0.0337479,178393781,1486
07/22/2020 19:15,28,0.97,0.0336993,178403262,1471
07/22/2020 19:30,29,0.98,0.0340355,178396486,1499
07/22/2020 19:45,27,0.98,0.0339966,178399419,1494
07/22/2020 20:00,27,0.99,0.0343951,178410414,1494
07/22/2020 20:15,27,0.99,0.032354,178424660,1491
07/22/2020 20:30,26,1.00,0.0339737,178445215,1520
07/22/2020 20:45,24,1.00,0.0326365,178488712,1487
07/22/2020 21:00,23,1.01,0.0322346,178495089,1464
07/22/2020 21:15,22,1.01,0.0327321,178506044,1490
07/22/2020 21:30,22,1.02,0.0294146,178525975,1458
07/22/2020 21:45,21,1.02,0.0320174,178537287,1469
07/22/2020 22:00,23,1.03,0.0328382,178544204,1531
07/22/2020 22:15,25,1.03,0.0313478,178541509,1480
07/22/2020 22:30,25,1.04,0.0329135,178043997,1477
07/22/2020 22:45,25,1.05,0.034364,177709357,1488
07/22/2020 23:00,25,1.05,0.0346523,177712048,1493
07/22/2020 23:15,24,1.06,0.0318923,177714218,1473
07/22/2020 23:30,21,1.07,0.0316412,177716566,1447
07/22/2020 23:45,17,1.07,0.0309938,177719510,1442
07/23/2020 00:00,19,1.08,0.0306209,177722147,1436
07/23/2020 00:15,17,1.09,0.0305474,177723333,1425
07/23/2020 00:30,14,1.09,0.0305423,177724719,1406
07/23/2020 00:45,13,1.10,0.0304538,177700264,1405
07/23/2020 01:00,13,1.11,0.0303978,177671048,1400
07/23/2020 01:15,11,1.11,0.0302765,177655443,1395
07/23/2020 01:30,10,1.12,0.0302313,177684239,1391
07/23/2020 01:45,10,1.13,0.02883,177680761,1383
07/23/2020 02:00,8,1.13,0.0286884,177684869,1375
07/23/2020 02:15,7,1.14,0.0286059,177689452,1365
07/23/2020 02:30,6,1.14,0.0272639,177731236,1355
07/23/2020 02:45,6,1.15,0.0272726,177728410,1358
07/23/2020 03:00,5,1.15,0.0272243,177732922,1351
07/23/2020 03:15,5,1.15,0.0272957,177729442,1355
07/23/2020 03:30,5,1.16,0.0272052,177730000,1353
07/23/2020 03:45,5,1.16,0.0274176,177730478,1360
07/23/2020 04:00,5,1.17,0.0274124,177731503,1353
07/23/2020 04:15,5,1.17,0.0274243,177726499,1358
07/23/2020 04:30,5,1.18,0.0274304,177730847,1355
07/23/2020 04:45,6,1.18,0.0274363,177727231,1355
07/23/2020 05:00,6,1.19,0.0278132,177731750,1360
07/23/2020 05:15,5,1.19,0.0277255,177726742,1357
07/23/2020 05:30,4,1.20,0.0275363,177726990,1343
07/23/2020 05:45,4,1.20,0.0274704,177727336,1346
07/23/2020 06:00,4,1.20,0.027448,177731845,1342
07/23/2020 06:15,4,1.21,0.0274492,177726639,1348
07/23/2020 06:30,4,1.21,0.02746,177731260,1345
07/23/2020 06:45,4,1.22,0.0274195,177727979,1344
07/23/2020 07:00,3,1.22,0.0273442,177732864,1342
07/23/2020 07:15,3,1.23,0.0273819,177729520,1346
07/23/2020 07:30,3,1.23,0.0273248,177734148,1340
07/23/2020 07:45,3,1.24,0.0273189,177730556,1344
07/23/2020 08:00,4,1.24,0.0273807,177735211,1349
07/23/2020 08:15,5,1.25,0.027432,177730592,1351
07/23/2020 08:30,6,1.25,0.0274054,177731611,1364
07/23/2020 08:45,6,1.25,0.0274859,177731775,1355
07/23/2020 09:00,6,1.26,0.0275281,177733066,1354
07/23/2020 09:15,7,1.26,0.0275252,177734168,1361
07/23/2020 09:30,8,1.27,0.0276024,177734670,1360
07/23/2020 09:45,7,1.27,0.0275518,177737283,1358
07/23/2020 10:00,9,1.28,0.0276069,177743693,1364
07/23/2020 10:15,13,1.28,0.0279648,177739098,1387
07/23/2020 10:30,14,1.29,0.0280767,177746614,1389
07/23/2020 10:45,13,1.29,0.0280248,177747605,1389
07/23/2020 11:00,13,1.29,0.0279035,177754878,1385
07/23/2020 11:15,12,1.30,0.0278567,177754966,1385
07/23/2020 11:30,12,1.30,0.0278451,177763165,1378
07/23/2020 11:45,13,1.31,0.0278062,177762690,1385
07/23/2020 12:00,13,1.31,0.0277875,177769260,1383
07/23/2020 12:15,13,1.32,0.0278265,177767267,1383
07/23/2020 12:30,13,1.32,0.0277687,177771656,1385
07/23/2020 12:45,14,1.33,0.0298394,177768835,1406
07/23/2020 13:00,12,1.33,0.0298262,177784021,1396
07/23/2020 13:15,13,1.33,0.0299365,177792039,1399
07/23/2020 13:30,15,1.34,0.0302169,177797700,1404
07/23/2020 13:45,14,1.34,0.0302623,177795952,1404
07/23/2020 14:00,16,1.35,0.0307121,177815890,1477
07/23/2020 14:15,14,1.35,0.030466,177829208,1400
07/23/2020 14:30,18,1.35,0.0312306,177844724,1617
07/23/2020 14:45,16,1.35,0.0305044,177849684,1398
07/23/2020 15:00,16,1.35,0.0304798,177862026,1397
07/23/2020 15:15,15,1.35,0.0305277,177878854,1422
07/23/2020 15:30,18,1.35,0.0332684,177893793,1443
07/23/2020 15:45,19,1.35,0.0333343,177909999,1435
07/23/2020 16:00,19,1.35,0.0338402,177930451,1479
07/23/2020 16:15,18,1.35,0.0334011,177944643,1432
07/23/2020 16:30,19,1.35,0.0334407,177963236,1457
07/23/2020 16:45,18,1.35,0.0334917,177970513,1436
07/23/2020 17:00,19,1.35,0.0335802,177991488,1437
07/23/2020 17:15,20,1.35,0.033506,178015747,1468
07/23/2020 17:30,19,1.35,0.0335377,178015919,1443
07/23/2020 17:45,18,1.35,0.0335263,178033611,1441
07/23/2020 18:00,19,1.35,0.033616,178064506,1436
07/23/2020 18:15,23,1.35,0.0338246,178077311,1464
07/23/2020 18:30,23,1.35,0.0338682,178076782,1466
07/23/2020 18:45,26,1.34,0.033962,178094500,1488
07/23/2020 19:00,27,1.34,0.0348072,178130977,1510
07/23/2020 19:15,27,1.34,0.0348089,178149991,1509
07/23/2020 19:30,25,1.34,0.0338819,178153150,1483
07/23/2020 19:45,25,1.34,0.033909,178164405,1488
07/23/2020 20:00,23,1.34,0.0338182,178197196,1482
07/23/2020 20:15,26,1.34,0.033887,178208581,1497
07/23/2020 20:30,24,1.34,0.0323203,178215404,1473
07/23/2020 20:45,24,1.34,0.0318647,178225372,1472
07/23/2020 21:00,25,1.34,0.0321132,178255634,1483
07/23/2020 21:15,23,1.34,0.032023,178266589,1470
07/23/2020 21:30,23,1.34,0.0318207,178271816,1458
07/23/2020 21:45,24,1.34,0.031821,178281978,1466
07/23/2020 22:00,23,1.34,0.0321926,178296140,1464
07/23/2020 22:15,21,1.34,0.0320391,178275729,1453
07/23/2020 22:30,21,1.34,0.0320001,178254072,1437
07/23/2020 22:45,20,1.34,0.0320027,178186889,1433
07/23/2020 23:00,20,1.34,0.0318989,176743003,1421
07/23/2020 23:15,19,1.34,0.0319428,176742583,1430
07/23/2020 23:30,19,1.33,0.0336155,176757188,1469
07/23/2020 23:45,20,1.33,0.0337838,176761992,1449
07/24/2020 00:00,13,1.33,0.0330541,176764454,1410
07/24/2020 00:15,13,1.33,0.0329823,176729360,1407
07/24/2020 00:30,13,1.33,0.0330189,176731703,1405
07/24/2020 00:45,12,1.33,0.0329372,176651537,1391
07/24/2020 01:00,11,1.33,0.0328775,176660784,1382
07/24/2020 01:15,11,1.33,0.0328794,176671820,1386
07/24/2020 01:30,11,1.33,0.0328762,176703645,1384
07/24/2020 01:45,10,1.33,0.0327569,176703967,1375
07/24/2020 02:00,10,1.33,0.0327852,176717901,1373
07/24/2020 02:15,10,1.33,0.0323555,176731182,1372
07/24/2020 02:30,11,1.33,0.0324504,176776384,1376
07/24/2020 02:45,11,1.33,0.0324866,176785679,1380
07/24/2020 03:00,10,1.33,0.0324629,176794675,1375
07/24/2020 03:15,9,1.33,0.0304069,176794527,1372
07/24/2020 03:30,9,1.33,0.0305038,176798669,1367
07/24/2020 03:45,7,1.33,0.0304143,176801911,1361
07/24/2020 04:00,6,1.32,0.0303621,176809015,1349
07/24/2020 04:15,6,1.32,0.0303208,176807265,1352
07/24/2020 04:30,6,1.32,0.030335,176814211,1347
07/24/2020 04:45,6,1.32,0.0304586,176812117,1351
07/24/2020 05:00,5,1.32,0.0304234,176814814,1345
07/24/2020 05:15,5,1.32,0.0305059,176818844,1350
07/24/2020 05:30,5,1.32,0.0305158,176819996,1348
07/24/2020 05:45,5,1.32,0.0305001,176820766,1349
07/24/2020 06:00,4,1.32,0.0303845,176821225,1343
07/24/2020 06:15,4,1.32,0.0303787,176823267,1346
07/24/2020 06:30,4,1.32,0.0303848,176823362,1343
07/24/2020 06:45,4,1.32,0.0303916,176824064,1346
07/24/2020 07:00,4,1.32,0.0304093,176824972,1343
07/24/2020 07:15,4,1.32,0.029205,176826548,1344
07/24/2020 07:30,4,1.32,0.0292043,176825309,1339
07/24/2020 07:45,4,1.32,0.0291971,176826388,1342
07/24/2020 08:00,4,1.32,0.0291841,176831195,1337
07/24/2020 08:15,4,1.31,0.0291998,176838080,1343
07/24/2020 08:30,5,1.31,0.0312911,176838530,1359
07/24/2020 08:45,4,1.31,0.0312564,176840560,1354
07/24/2020 09:00,4,1.31,0.0312507,176855245,1351
07/24/2020 09:15,4,1.31,0.0313807,176852001,1354
07/24/2020 09:30,4,1.31,0.0314054,176870734,1350
07/24/2020 09:45,4,1.31,0.0314097,176876372,1354
07/24/2020 10:00,5,1.31,0.0319732,176897545,1372
07/24/2020 10:15,7,1.31,0.0328109,176901561,1383
07/24/2020 10:30,7,1.31,0.0328403,176917230,1379
07/24/2020 10:45,7,1.31,0.0328205,176941452,1379
07/24/2020 11:00,7,1.31,0.032838,176904377,1375
07/24/2020 11:15,7,1.31,0.0328496,176913741,1381
07/24/2020 11:30,7,1.31,0.0328385,176931635,1370
07/24/2020 11:45,7,1.31,0.0328454,176934213,1374
07/24/2020 12:00,9,1.31,0.0329903,176853899,1389
07/24/2020 12:15,9,1.31,0.0335177,176847032,1398
07/24/2020 12:30,9,1.31,0.0335433,176850528,1396
07/24/2020 12:45,8,1.30,0.0335626,176857452,1393
07/24/2020 13:00,8,1.30,0.0335654,176865800,1391
07/24/2020 13:15,8,1.30,0.0332815,176865432,1398
07/24/2020 13:30,8,1.30,0.0334214,176867853,1394
07/24/2020 13:45,10,1.30,0.0361378,176847279,1418
07/24/2020 14:00,16,1.30,0.0455701,176862047,1446
07/24/2020 14:15,17,1.30,0.0457742,176871806,1453
07/24/2020 14:30,19,1.30,0.0450266,176874841,1449
07/24/2020 14:45,18,1.30,0.0423528,176886221,1439
07/24/2020 15:00,18,1.30,0.0422166,176873072,1433
07/24/2020 15:15,18,1.30,0.0423393,176904248,1440
07/24/2020 15:30,18,1.30,0.0423263,176909912,1434
07/24/2020 15:45,18,1.30,0.0422614,176888671,1427
07/24/2020 16:00,16,1.30,0.0427444,176913957,1433
07/24/2020 16:15,17,1.30,0.0433415,176928147,1432
07/24/2020 16:30,16,1.30,0.0418924,176936114,1417
07/24/2020 16:45,16,1.30,0.0419368,176954668,1423
07/24/2020 17:00,18,1.30,0.0420873,176972806,1420
07/24/2020 17:15,16,1.30,0.0330042,176997299,1413
07/24/2020 17:30,16,1.30,0.0331074,177005946,1414
07/24/2020 17:45,15,1.30,0.0328645,177019037,1411
07/24/2020 18:00,18,1.30,0.0329396,177039767,1421
07/24/2020 18:15,16,1.30,0.0328674,177054686,1409
07/24/2020 18:30,15,1.30,0.032801,177064820,1391
07/24/2020 18:45,13,1.29,0.0327386,177077644,1386
07/24/2020 19:00,13,1.29,0.0326961,177143836,1379
07/24/2020 19:15,13,1.29,0.0326804,177166643,1383
07/24/2020 19:30,14,1.29,0.0327499,177178518,1387
07/24/2020 19:45,17,1.29,0.0329813,177198069,1400
07/24/2020 20:00,17,1.29,0.0330071,177219730,1400
07/24/2020 20:15,16,1.29,0.032965,177220017,1402
07/24/2020 20:30,16,1.29,0.0329821,177233991,1395
07/24/2020 20:45,16,1.29,0.0322861,177249262,1399
07/24/2020 21:00,15,1.29,0.0321484,177265308,1388
07/24/2020 21:15,16,1.29,0.0323077,177279615,1393
07/24/2020 21:30,14,1.29,0.0322346,177283336,1381
07/24/2020 21:45,13,1.29,0.0321434,177293068,1378
07/24/2020 22:00,12,1.29,0.032168,177306814,1383
07/24/2020 22:15,12,1.29,0.0321011,177308495,1376
07/24/2020 22:30,12,1.29,0.0320088,177299881,1376
07/24/2020 22:45,12,1.29,0.0325811,177026691,1383
07/24/2020 23:00,10,1.29,0.0319598,177017345,1369
07/24/2020 23:15,11,1.29,0.0319849,177048000,1374
07/24/2020 23:30,11,1.29,0.0319452,177098565,1375
07/24/2020 23:45,11,1.29,0.0319726,177095888,1371
07/25/2020 00:00,10,1.29,0.0320825,177103002,1373
07/25/2020 00:15,8,1.29,0.0318833,177071736,1368
07/25/2020 00:30,8,1.29,0.0318824,177066045,1357
07/25/2020 00:45,10,1.28,0.0319672,176987924,1369
07/25/2020 01:00,10,1.28,0.031871,177005391,1369
07/25/2020 01:15,9,1.29,0.0319492,177015600,1368
07/25/2020 01:30,9,1.29,0.0318702,177051039,1359
07/25/2020 01:45,8,1.28,0.0318952,177052176,1361
07/25/2020 02:00,6,1.28,0.0317347,177065137,1347
07/25/2020 02:15,6,1.28,0.0317279,177087770,1351
07/25/2020 02:30,6,1.28,0.0317479,177137230,1346
07/25/2020 02:45,5,1.28,0.0316986,177137791,1344
07/25/2020 03:00,5,1.28,0.0316933,177150977,1343
07/25/2020 03:15,6,1.28,0.0317353,177165037,1351
07/25/2020 03:30,6,1.28,0.0317106,177177802,1344
07/25/2020 03:45,5,1.28,0.0316909,177179396,1344
07/25/2020 04:00,5,1.28,0.0316873,177196362,1342
07/25/2020 04:15,5,1.28,0.0316956,177206289,1344
07/25/2020 04:30,5,1.28,0.0299614,177218432,1342
07/25/2020 04:45,5,1.28,0.029692,177218810,1339
07/25/2020 05:00,5,1.28,0.029711,177235967,1338
07/25/2020 05:15,5,1.28,0.0296911,177247897,1340
07/25/2020 05:30,5,1.28,0.0296824,177265764,1337
07/25/2020 05:45,5,1.28,0.029691,177262308,1339
07/25/2020 06:00,5,1.28,0.0297056,177279776,1337
07/25/2020 06:15,5,1.28,0.0298862,177289368,1337
07/25/2020 06:30,5,1.27,0.0299164,177304323,1338
07/25/2020 06:45,5,1.27,0.0298635,177301515,1342
07/25/2020 07:00,5,1.27,0.0308415,177333401,1350
07/25/2020 07:15,5,1.27,0.0308504,177342882,1351
07/25/2020 07:30,5,1.27,0.0308554,177360039,1350
07/25/2020 07:45,5,1.27,0.0308552,177373431,1352
07/25/2020 08:00,5,1.27,0.0308884,177382371,1348
07/25/2020 08:15,5,1.27,0.0309029,177392993,1353
07/25/2020 08:30,5,1.27,0.0309014,177411873,1349
07/25/2020 08:45,5,1.27,0.0308795,177420686,1353
07/25/2020 09:00,8,1.27,0.0309979,177422824,1359
07/25/2020 09:15,7,1.27,0.0316408,177423929,1368
07/25/2020 09:30,7,1.27,0.0316934,177428240,1366
07/25/2020 09:45,7,1.27,0.0317316,177425483,1368
07/25/2020 10:00,7,1.27,0.0317649,177431477,1365
07/25/2020 10:15,7,1.27,0.031809,177429123,1371
07/25/2020 10:30,7,1.27,0.0321425,177433936,1368
07/25/2020 10:45,8,1.27,0.0318547,177434038,1374
07/25/2020 11:00,7,1.27,0.0318853,177437698,1370
07/25/2020 11:15,8,1.26,0.0319128,177441792,1374
07/25/2020 11:30,7,1.26,0.0339292,177446517,1392
07/25/2020 11:45,7,1.26,0.0324989,177445272,1378
07/25/2020 12:00,7,1.27,0.032469,177455967,1377
07/25/2020 12:15,8,1.27,0.0325136,177455862,1382
07/25/2020 12:30,9,1.27,0.0326169,177463438,1384
07/25/2020 12:45,9,1.27,0.033232,177463768,1392
07/25/2020 13:00,8,1.27,0.0332362,177470830,1382
07/25/2020 13:15,8,1.27,0.0332543,177475331,1389
07/25/2020 13:30,8,1.28,0.0332345,177483165,1387
07/25/2020 13:45,8,1.28,0.033248,177482768,1391
07/25/2020 14:00,9,1.28,0.0333545,177488865,1389
07/25/2020 14:15,7,1.28,0.0332721,177491015,1382
07/25/2020 14:30,9,1.28,0.0335034,177497855,1398
07/25/2020 14:45,8,1.28,0.0332884,177493548,1394
07/25/2020 15:00,9,1.28,0.0332703,177498966,1388
07/25/2020 15:15,9,1.28,0.0333516,177496484,1393
07/25/2020 15:30,10,1.28,0.0331061,177185943,1396
07/25/2020 15:45,10,1.28,0.0326333,177194740,1391
07/25/2020 16:00,10,1.28,0.0325899,177198215,1390
07/25/2020 16:15,10,1.28,0.0318461,177199052,1379
07/25/2020 16:30,11,1.28,0.032248,177222867,1380
07/25/2020 16:45,12,1.28,0.0320049,177238650,1387
07/25/2020 17:00,12,1.28,0.0319298,177248804,1380
07/25/2020 17:15,12,1.28,0.0316385,177264262,1393
07/25/2020 17:30,10,1.28,0.0321052,177289361,1383
07/25/2020 17:45,11,1.28,0.0321863,177305669,1385
07/25/2020 18:00,12,1.28,0.032239,177312580,1387
07/25/2020 18:15,13,1.28,0.0315973,177330471,1381
07/25/2020 18:30,12,1.28,0.0295076,177353266,1370
07/25/2020 18:45,12,1.28,0.032075,177367681,1384
07/25/2020 19:00,12,1.28,0.0320492,177391652,1374
07/25/2020 19:15,12,1.28,0.0318069,177419300,1382
07/25/2020 19:30,11,1.28,0.0318375,177437954,1377
07/25/2020 19:45,11,1.28,0.0319903,177458572,1382
07/25/2020 20:00,12,1.28,0.0319317,177493674,1388
07/25/2020 20:15,13,1.28,0.0321314,177520458,1393
07/25/2020 20:30,12,1.28,0.0320551,177526345,1379
07/25/2020 20:45,15,1.28,0.0315971,177551898,1394
07/25/2020 21:00,13,1.28,0.0311386,177584970,1380
07/25/2020 21:15,11,1.28,0.031042,177605146,1377
07/25/2020 21:30,12,1.28,0.0311763,177615219,1381
07/25/2020 21:45,12,1.28,0.0315212,177641003,1385
07/25/2020 22:00,12,1.28,0.0314893,177676002,1380
07/25/2020 22:15,12,1.28,0.031099,177604226,1381
07/25/2020 22:30,11,1.28,0.0311605,177633518,1375
07/25/2020 22:45,10,1.28,0.031134,177590642,1377
07/25/2020 23:00,10,1.28,0.0310643,177592910,1371
07/25/2020 23:15,10,1.28,0.031065,177627462,1379
07/25/2020 23:30,10,1.28,0.031494,177655410,1380
07/25/2020 23:45,10,1.28,0.031024,177666529,1375
07/26/2020 00:00,8,1.28,0.0309583,177668292,1367
07/26/2020 00:15,8,1.27,0.0309422,177690506,1361
07/26/2020 00:30,7,1.27,0.0308318,177737852,1346
07/26/2020 00:45,7,1.27,0.0308485,177688651,1349
07/26/2020 01:00,6,1.27,0.030799,177688325,1341
07/26/2020 01:15,6,1.27,0.0307644,177701354,1346
07/26/2020 01:30,6,1.27,0.030739,177735600,1337
07/26/2020 01:45,6,1.27,0.0307464,177737665,1341
07/26/2020 02:00,6,1.27,0.0307422,177742408,1337
07/26/2020 02:15,6,1.27,0.0307349,177750408,1343
07/26/2020 02:30,6,1.27,0.0307306,177792570,1337
07/26/2020 02:45,6,1.27,0.0307384,177796269,1340
07/26/2020 03:00,6,1.27,0.0307346,177803686,1338
07/26/2020 03:15,5,1.27,0.0307272,177802478,1337
07/26/2020 03:30,5,1.27,0.0290291,177807210,1333
07/26/2020 03:45,6,1.27,0.0288184,177809991,1336
07/26/2020 04:00,6,1.27,0.0288076,177814009,1332
07/26/2020 04:15,6,1.27,0.0287871,177817097,1336
07/26/2020 04:30,6,1.27,0.0289412,177822617,1332
07/26/2020 04:45,6,1.27,0.028944,177826739,1335
07/26/2020 05:00,6,1.27,0.0289411,177829523,1333
07/26/2020 05:15,6,1.26,0.0289342,177832844,1335
07/26/2020 05:30,6,1.26,0.0289515,177836815,1332
07/26/2020 05:45,6,1.26,0.0289278,177841568,1334
07/26/2020 06:00,5,1.26,0.0289036,177845315,1329
07/26/2020 06:15,5,1.26,0.0288887,177848677,1333
07/26/2020 06:30,5,1.26,0.028884,177852057,1328
07/26/2020 06:45,7,1.26,0.0290378,177855931,1341
07/26/2020 07:00,8,1.26,0.0297906,177863310,1356
07/26/2020 07:15,9,1.26,0.029832,177862630,1358
07/26/2020 07:30,9,1.26,0.0298695,177871101,1364
07/26/2020 07:45,10,1.26,0.0299396,177871286,1365
07/26/2020 08:00,10,1.26,0.0298881,177879566,1354
07/26/2020 08:15,10,1.26,0.029875,177878919,1359
07/26/2020 08:30,10,1.26,0.0298839,177882961,1354
07/26/2020 08:45,10,1.26,0.029847,177886825,1360
07/26/2020 09:00,10,1.26,0.0298548,177894182,1352
07/26/2020 09:15,11,1.26,0.0299421,177891192,1359
07/26/2020 09:30,11,1.26,0.032242,177882725,1389
07/26/2020 09:45,13,1.26,0.0324278,177801737,1394
07/26/2020 10:00,12,1.26,0.03235,177804690,1391
07/26/2020 10:15,11,1.25,0.0323024,177806398,1393
07/26/2020 10:30,11,1.25,0.0323277,177812129,1394
07/26/2020 10:45,13,1.25,0.0325845,177810471,1405
07/26/2020 11:00,15,1.25,0.0322256,177817096,1399
07/26/2020 11:15,14,1.25,0.0316666,177814700,1391
07/26/2020 11:30,14,1.25,0.0309703,177817630,1380
07/26/2020 11:45,14,1.25,0.0310123,177814703,1380
07/26/2020 12:00,15,1.25,0.0311089,177816098,1388
07/26/2020 12:15,16,1.25,0.0311765,177816786,1397
07/26/2020 12:30,15,1.25,0.031104,177845475,1387
07/26/2020 12:45,15,1.25,0.0311755,177896598,1405
07/26/2020 13:00,17,1.25,0.0313975,177953561,1403
07/26/2020 13:15,19,1.25,0.0314062,178000995,1413
07/26/2020 13:30,19,1.25,0.0315061,178070625,1417
07/26/2020 13:45,19,1.25,0.0314555,178095969,1418
07/26/2020 14:00,18,1.25,0.0314558,178192040,1415
07/26/2020 14:15,19,1.25,0.0314548,178256069,1423
07/26/2020 14:30,19,1.25,0.0334802,178304189,1447
07/26/2020 14:45,19,1.25,0.033139,178335414,1437
07/26/2020 15:00,20,1.25,0.0338284,178392902,1436
07/26/2020 15:15,20,1.25,0.0341379,178410532,1447
07/26/2020 15:30,15,1.25,0.0335515,178446328,1428
07/26/2020 15:45,16,1.25,0.0339367,178504616,1434
07/26/2020 16:00,17,1.24,0.034072,178555022,1436
07/26/2020 16:15,17,1.24,0.034027,178592417,1435
07/26/2020 16:30,17,1.24,0.0360454,178639670,1454
07/26/2020 16:45,19,1.24,0.0361341,178649164,1457
07/26/2020 17:00,23,1.24,0.0363816,178719202,1475
07/26/2020 17:15,21,1.24,0.0366131,178773887,1459
07/26/2020 17:30,21,1.24,0.0365544,178827875,1450
07/26/2020 17:45,21,1.24,0.0362242,178875752,1450
07/26/2020 18:00,22,1.24,0.0363071,178957801,1454
07/26/2020 18:15,20,1.24,0.0360045,178987087,1473
07/26/2020 18:30,21,1.24,0.0361661,179032800,1461
07/26/2020 18:45,22,1.24,0.0362571,179095381,1471
07/26/2020 19:00,21,1.24,0.0362842,179132386,1468
07/26/2020 19:15,23,1.24,0.0364205,179176557,1482
07/26/2020 19:30,24,1.24,0.0364497,179232078,1476
07/26/2020 19:45,21,1.24,0.037105,179297529,1488
07/26/2020 20:00,19,1.24,0.0376978,179354329,1477
07/26/2020 20:15,18,1.24,0.037698,179403762,1470
07/26/2020 20:30,15,1.24,0.0375401,179456976,1449
07/26/2020 20:45,14,1.24,0.037501,179484405,1439
07/26/2020 21:00,13,1.24,0.0374539,179523175,1435
07/26/2020 21:15,14,1.24,0.0375757,179571193,1441
07/26/2020 21:30,13,1.24,0.0375214,179593794,1433
07/26/2020 21:45,13,1.24,0.0375017,179610516,1436
07/26/2020 22:00,15,1.24,0.03759,179636931,1442
07/26/2020 22:15,16,1.25,0.037042,179562723,1446
07/26/2020 22:30,15,1.25,0.0353323,179278430,1433
07/26/2020 22:45,15,1.25,0.0341413,179189566,1429
07/26/2020 23:00,15,1.25,0.0341209,179214705,1427
07/26/2020 23:15,15,1.25,0.0341002,179217636,1429
07/26/2020 23:30,12,1.25,0.0330715,179238930,1410
07/26/2020 23:45,12,1.25,0.0328102,179251474,1405
07/27/2020 00:00,12,1.25,0.0322825,179227728,1404
07/27/2020 00:15,11,1.25,0.0319888,179244170,1396
07/27/2020 00:30,11,1.25,0.0319794,179265027,1394
07/27/2020 00:45,9,1.25,0.0319156,179143115,1390
07/27/2020 01:00,8,1.25,0.0317578,179170645,1378
07/27/2020 01:15,8,1.25,0.0317212,179173353,1378
07/27/2020 01:30,7,1.25,0.0316583,179212450,1372
07/27/2020 01:45,6,1.25,0.0316832,179226159,1368
07/27/2020 02:00,6,1.25,0.031717,179234166,1372
07/27/2020 02:15,6,1.25,0.0317692,179254785,1391
07/27/2020 02:30,7,1.25,0.0321059,179311880,1401
07/27/2020 02:45,9,1.25,0.0318429,179338618,1411
07/27/2020 03:00,9,1.25,0.0318424,179358752,1424
07/27/2020 03:15,9,1.25,0.031923,179360186,1448
07/27/2020 03:30,9,1.25,0.032257,179387146,1468
07/27/2020 03:45,10,1.25,0.0323286,179416023,1477
07/27/2020 04:00,10,1.25,0.0322968,179439435,1479
07/27/2020 04:15,10,1.25,0.0323002,179453959,1480
07/27/2020 04:30,10,1.25,0.032277,179473573,1476
07/27/2020 04:45,10,1.25,0.0322612,179473158,1481
07/27/2020 05:00,11,1.25,0.0323612,179490556,1482
07/27/2020 05:15,11,1.25,0.0323742,179502494,1484
07/27/2020 05:30,9,1.25,0.031865,179522753,1387
07/27/2020 05:45,9,1.25,0.0317839,179533306,1380
07/27/2020 06:00,9,1.25,0.0317762,179553151,1383
07/27/2020 06:15,9,1.25,0.0318281,179546946,1385
07/27/2020 06:30,9,1.25,0.031782,179566647,1381
07/27/2020 06:45,9,1.25,0.031786,179578741,1385
07/27/2020 07:00,9,1.25,0.0317855,179602499,1383
07/27/2020 07:15,9,1.25,0.0317625,179626303,1385
07/27/2020 07:30,9,1.26,0.0324826,179640165,1392
07/27/2020 07:45,9,1.26,0.0325173,179672323,1395
07/27/2020 08:00,8,1.26,0.0324892,179704717,1390
07/27/2020 08:15,8,1.26,0.0335573,179725383,1406
07/27/2020 08:30,7,1.26,0.0334556,179762889,1400
07/27/2020 08:45,9,1.26,0.0347923,179779232,1423
07/27/2020 09:00,9,1.26,0.0347874,179785412,1415
07/27/2020 09:15,10,1.26,0.036393,179802371,1446
07/27/2020 09:30,10,1.26,0.0363439,179824558,1438
07/27/2020 09:45,12,1.26,0.0366212,179837742,1449
07/27/2020 10:00,14,1.26,0.0374322,179857283,1457
07/27/2020 10:15,19,1.26,0.0382329,179861066,1683
07/27/2020 10:30,22,1.26,0.0381097,179879308,1497
07/27/2020 10:45,22,1.26,0.0383442,179891159,1502
07/27/2020 11:00,20,1.26,0.0379059,179893060,1493
07/27/2020 11:15,21,1.26,0.0382135,179869907,1501
07/27/2020 11:30,23,1.26,0.0384145,179873309,1501
07/27/2020 11:45,25,1.26,0.0385014,179872361,1513
07/27/2020 12:00,23,1.26,0.0385357,179879907,1503
07/27/2020 12:15,25,1.26,0.0393517,179866005,1544
07/27/2020 12:30,25,1.26,0.0377219,179863473,1557
07/27/2020 12:45,26,1.26,0.0375399,179871969,1576
07/27/2020 13:00,25,1.26,0.03746,179879149,1575
07/27/2020 13:15,22,1.26,0.0372604,179877804,1540
07/27/2020 13:30,23,1.26,0.0375536,179884728,1494
07/27/2020 13:45,25,1.26,0.0375484,179899347,1499
07/27/2020 14:00,27,1.26,0.03757,179908804,1506
07/27/2020 14:15,30,1.27,0.0379711,179911628,1527
07/27/2020 14:30,31,1.27,0.0379315,179921112,1538
07/27/2020 14:45,30,1.27,0.0379032,179924516,1549
07/27/2020 15:00,35,1.27,0.0386303,179929845,1582
07/27/2020 15:15,32,1.27,0.0390624,179937150,1567
07/27/2020 15:30,33,1.27,0.0372055,179944066,1560
07/27/2020 15:45,32,1.27,0.0369198,179950629,1545
07/27/2020 16:00,34,1.27,0.0370803,179962835,1553
07/27/2020 16:15,34,1.27,0.037585,179970955,1560
07/27/2020 16:30,31,1.27,0.0379461,179981140,1619
07/27/2020 16:45,31,1.27,0.0374353,179999128,1622
07/27/2020 17:00,34,1.27,0.0375758,179988790,1545
07/27/2020 17:15,29,1.27,0.037372,180000019,1538
07/27/2020 17:30,28,1.27,0.0364553,180008421,1560
07/27/2020 17:45,24,1.27,0.0377729,179886759,1530
07/27/2020 18:00,25,1.27,0.0390326,179894508,1518
07/27/2020 18:15,26,1.27,0.0400998,179905213,1534
07/27/2020 18:30,25,1.27,0.0397889,179922212,1488
07/27/2020 18:45,24,1.27,0.0422174,179942111,1495
07/27/2020 19:00,25,1.27,0.0423002,179997930,1481
07/27/2020 19:15,26,1.27,0.0423622,180012872,1505
07/27/2020 19:30,26,1.27,0.0426806,180021231,1491
07/27/2020 19:45,27,1.27,0.0424053,180039686,1506
07/27/2020 20:00,28,1.27,0.0431137,180057797,1530
07/27/2020 20:15,25,1.27,0.0436944,180068516,1501
07/27/2020 20:30,26,1.27,0.0425576,180075334,1493
07/27/2020 20:45,30,1.27,0.0429792,180074776,1513
07/27/2020 21:00,30,1.27,0.0427774,180083093,1533
07/27/2020 21:15,26,1.27,0.0426813,180079667,1510
07/27/2020 21:30,27,1.27,0.0419845,180080457,1501
07/27/2020 21:45,25,1.27,0.0456423,180083855,1501
07/27/2020 22:00,25,1.27,0.0837312,180086081,1499
07/27/2020 22:15,24,1.27,0.121499,180089725,1489
07/27/2020 22:30,24,1.27,0.15924,180022724,1484
07/27/2020 22:45,24,1.27,0.196991,180022274,1476
07/27/2020 23:00,25,1.27,0.234204,179746949,1488
07/27/2020 23:15,23,1.27,0.271134,179746147,1483
07/27/2020 23:30,22,1.27,0.307848,179754815,1472
07/27/2020 23:45,19,1.27,0.346939,179779373,1471
07/28/2020 00:00,17,1.27,0.383332,179785901,1451
07/28/2020 00:15,18,1.27,0.42112,179763050,1451
07/28/2020 00:30,15,1.27,0.458582,179767343,1436
07/28/2020 00:45,14,1.27,0.496502,179767802,1419
07/28/2020 01:00,11,1.27,0.53433,179778342,1426
07/28/2020 01:15,11,1.27,0.572441,179794260,1414
07/28/2020 01:30,11,1.27,0.610385,179834816,1413
07/28/2020 01:45,10,1.27,0.648005,179844062,1393
07/28/2020 02:00,10,1.27,0.686151,179864304,1394
07/28/2020 02:15,10,1.27,0.724223,179885474,1394
07/28/2020 02:30,10,1.27,0.762486,179942235,1390
07/28/2020 02:45,9,1.27,0.80077,179954704,1391
07/28/2020 03:00,9,1.27,0.838993,179975839,1388
07/28/2020 03:15,9,1.27,0.877333,179988525,1390
07/28/2020 03:30,8,1.27,0.915654,180003486,1384
07/28/2020 03:45,7,1.27,0.952219,180005482,1384
07/28/2020 04:00,7,1.27,0.0304113,180006604,1394
07/28/2020 04:15,8,1.27,0.0309505,179963811,1389
07/28/2020 04:30,8,1.27,0.0308883,179922229,1380
07/28/2020 04:45,8,1.27,0.0308696,179905654,1384
07/28/2020 05:00,8,1.27,0.0308718,179907894,1386
07/28/2020 05:15,4,1.27,0.0307247,179904494,1368
07/28/2020 05:30,4,1.27,0.0307727,179901891,1371
07/28/2020 05:45,4,1.27,0.0307641,179898352,1370
07/28/2020 06:00,6,1.27,0.0308403,179903911,1373
07/28/2020 06:15,6,1.27,0.0308691,179900816,1377
07/28/2020 06:30,6,1.27,0.0308647,179901339,1375
07/28/2020 06:45,6,1.27,0.0308453,179901910,1379
07/28/2020 07:00,7,1.27,0.0308829,179903521,1384
07/28/2020 07:15,7,1.27,0.0309012,179904474,1382
07/28/2020 07:30,7,1.27,0.0316166,179908763,1394
07/28/2020 07:45,7,1.27,0.0317621,179904944,1395
07/28/2020 08:00,7,1.27,0.0317963,179918087,1391
07/28/2020 08:15,8,1.27,0.0318516,179917777,1396
07/28/2020 08:30,8,1.27,0.031935,179922755,1547
07/28/2020 08:45,7,1.27,0.0319364,179920435,1398
07/28/2020 09:00,7,1.27,0.0319033,179925630,1396
07/28/2020 09:15,7,1.27,0.0319139,179923726,1402
07/28/2020 09:30,7,1.27,0.0335976,179923883,1411
07/28/2020 09:45,8,1.26,0.0355025,179926684,1422
07/28/2020 10:00,10,1.26,0.0329427,179933744,1406
07/28/2020 10:15,10,1.26,0.0344633,179937615,1425
07/28/2020 10:30,12,1.26,0.0346466,179942956,1426
07/28/2020 10:45,14,1.26,0.0348322,179952692,1438
07/28/2020 11:00,15,1.26,0.0348779,179972520,1436
07/28/2020 11:15,15,1.26,0.0349385,179987422,1446
07/28/2020 11:30,14,1.26,0.0349545,180004766,1444
07/28/2020 11:45,12,1.26,0.0348086,180015753,1427
07/28/2020 12:00,14,1.26,0.0348601,180034877,1422
07/28/2020 12:15,15,1.26,0.0348493,180049174,1430
07/28/2020 12:30,17,1.26,0.0351668,180066255,1443
07/28/2020 12:45,18,1.26,0.0351129,180077082,1446
07/28/2020 13:00,18,1.26,0.0350697,180095300,1436
07/28/2020 13:15,21,1.26,0.035279,180101118,1445
07/28/2020 13:30,22,1.26,0.0355614,180109312,1456
07/28/2020 13:45,23,1.26,0.0355954,180105100,1467
07/28/2020 14:00,25,1.26,0.0358915,180115727,1471
07/28/2020 14:15,25,1.26,0.0357902,180118154,1472
07/28/2020 14:30,25,1.26,0.0340322,180122453,1470
07/28/2020 14:45,26,1.26,0.0328776,180127387,1471
07/28/2020 15:00,26,1.26,0.0324402,180134737,1456
07/28/2020 15:15,25,1.26,0.0324214,180131516,1480
07/28/2020 15:30,23,1.26,0.0324516,180135361,1457
07/28/2020 15:45,24,1.26,0.0327277,180133436,1461
07/28/2020 16:00,26,1.26,0.0328107,180143658,1461
07/28/2020 16:15,23,1.26,0.0327125,180142243,1455
07/28/2020 16:30,22,1.26,0.0325016,180142673,1438
07/28/2020 16:45,22,1.26,0.0326267,180140085,1446
07/28/2020 17:00,21,1.26,0.0326195,180147218,1438
07/28/2020 17:15,21,1.26,0.0331171,180144862,1447
07/28/2020 17:30,22,1.26,0.0353954,180148192,1482
07/28/2020 17:45,22,1.26,0.0354851,180144722,1477
07/28/2020 18:00,23,1.26,0.0353962,180132459,1475
07/28/2020 18:15,22,1.26,0.0358328,180130436,1475
07/28/2020 18:30,23,1.26,0.0354736,180126275,1473
07/28/2020 18:45,23,1.25,0.0356435,180129111,1479
07/28/2020 19:00,21,1.25,0.0331611,180133881,1465
07/28/2020 19:15,19,1.25,0.0329429,180139632,1483
07/28/2020 19:30,19,1.25,0.0329623,180142042,1479
07/28/2020 19:45,20,1.25,0.0329283,180142259,1472
07/28/2020 20:00,20,1.25,0.033139,180148098,1458
07/28/2020 20:15,18,1.25,0.0330541,180146838,1474
07/28/2020 20:30,20,1.25,0.0594909,180146655,1473
07/28/2020 20:45,25,1.25,0.0597828,180148646,1491
07/28/2020 21:00,23,1.25,0.0334074,180157473,1486
07/28/2020 21:15,25,1.25,0.0334964,180165496,1484
07/28/2020 21:30,26,1.25,0.0324689,180169437,1473
07/28/2020 21:45,28,1.25,0.0323719,180174446,1481
07/28/2020 22:00,29,1.25,0.0325598,180184251,1495
07/28/2020 22:15,25,1.25,0.0321997,180184446,1470
07/28/2020 22:30,27,1.25,0.034105,180105586,1480
07/28/2020 22:45,27,1.25,0.0338698,180103800,1482
07/28/2020 23:00,29,1.25,0.0338113,179843548,1497
07/28/2020 23:15,28,1.25,0.0332424,179841057,1478
07/28/2020 23:30,28,1.25,0.0332976,179847796,1476
07/28/2020 23:45,24,1.25,0.033541,179845451,1472
07/29/2020 00:00,21,1.25,0.0330182,179850683,1449
07/29/2020 00:15,20,1.25,0.0329454,179848646,1441
07/29/2020 00:30,20,1.25,0.0323145,179853935,1426
07/29/2020 00:45,21,1.25,0.0321187,179853520,1439
07/29/2020 01:00,21,1.25,0.0321107,179859554,1423
07/29/2020 01:15,19,1.25,0.0319571,179858567,1426
07/29/2020 01:30,18,1.25,0.0319438,179887311,1433
07/29/2020 01:45,18,1.25,0.0320683,179887658,1445
07/29/2020 02:00,17,1.25,0.0321311,179893186,1452
07/29/2020 02:15,16,1.25,0.0320292,179900256,1453
07/29/2020 02:30,15,1.25,0.029759,179940099,1440
07/29/2020 02:45,13,1.25,0.0295755,179938061,1428
07/29/2020 03:00,12,1.25,0.0295047,179940852,1423
07/29/2020 03:15,11,1.25,0.0295118,179943724,1423
07/29/2020 03:30,11,1.25,0.0306511,179948711,1420
07/29/2020 03:45,11,1.25,0.0306203,179946465,1418
07/29/2020 04:00,9,1.24,0.0305639,179953216,1411
07/29/2020 04:15,9,1.24,0.0326045,179951645,1425
07/29/2020 04:30,8,1.24,0.0319461,179951418,1374
07/29/2020 04:45,6,1.24,0.0318727,179949719,1365
07/29/2020 05:00,5,1.24,0.0318341,179952360,1359
07/29/2020 05:15,5,1.24,0.0318584,179937836,1361
07/29/2020 05:30,6,1.24,0.031937,179930318,1362
07/29/2020 05:45,6,1.24,0.0318868,179914567,1366
07/29/2020 06:00,6,1.24,0.0319175,179915649,1369
07/29/2020 06:15,6,1.24,0.0319097,179917427,1367
07/29/2020 06:30,6,1.24,0.0318865,179924155,1359
07/29/2020 06:45,7,1.24,0.0319745,179912675,1362
07/29/2020 07:00,7,1.24,0.0320106,179912849,1359
07/29/2020 07:15,7,1.24,0.0316896,179915469,1367
07/29/2020 07:30,7,1.24,0.0316831,179915701,1365
07/29/2020 07:45,6,1.24,0.0316888,179916923,1383
07/29/2020 08:00,6,1.24,0.0316918,179922050,1364
07/29/2020 08:15,6,1.24,0.0317024,179919820,1366
07/29/2020 08:30,8,1.24,0.0318426,179924920,1379
07/29/2020 08:45,9,1.24,0.0330311,179922505,1396
07/29/2020 09:00,8,1.24,0.0336231,179923709,1398
07/29/2020 09:15,8,1.24,0.0337678,179924706,1399
07/29/2020 09:30,11,1.24,0.0338564,179930688,1409
07/29/2020 09:45,15,1.24,0.0341454,179932786,1441
07/29/2020 10:00,20,1.24,0.0344258,179942076,1479
07/29/2020 10:15,21,1.24,0.0345667,179943524,1477
07/29/2020 10:30,21,1.24,0.0353753,179986550,1477
07/29/2020 10:45,21,1.24,0.0375557,180061412,1493
07/29/2020 11:00,21,1.24,0.036671,180143241,1482
07/29/2020 11:15,22,1.24,0.0354509,180218983,1472
07/29/2020 11:30,22,1.24,0.0353068,180300534,1458
07/29/2020 11:45,23,1.24,0.0361611,180377723,1465
07/29/2020 12:00,25,1.24,0.0363587,180461869,1478
07/29/2020 12:15,26,1.24,0.0365106,180475497,1490
07/29/2020 12:30,26,1.24,0.0363773,180529061,1481
07/29/2020 12:45,26,1.24,0.0364193,180608321,1480
07/29/2020 13:00,27,1.23,0.0364909,180698243,1476
07/29/2020 13:15,28,1.23,0.0369033,180785814,1495
07/29/2020 13:30,31,1.23,0.0390413,180870080,1532
07/29/2020 13:45,30,1.23,0.0391937,180957584,1531
07/29/2020 14:00,31,1.23,0.0397308,181051985,1541
07/29/2020 14:15,33,1.23,0.0395712,181067754,1563
07/29/2020 14:30,33,1.23,0.0396267,181083188,1562
07/29/2020 14:45,33,1.23,0.0396747,181094534,1563
07/29/2020 15:00,33,1.23,0.0397576,181116577,1554
07/29/2020 15:15,33,1.23,0.0399102,181128619,1583
07/29/2020 15:30,34,1.23,0.0397681,181141856,1555
07/29/2020 15:45,33,1.23,0.038442,181149854,1571
07/29/2020 16:00,32,1.23,0.0381913,181157734,1581
07/29/2020 16:15,34,1.23,0.0398351,181168978,1581
07/29/2020 16:30,31,1.23,0.04079,181174336,1573
07/29/2020 16:45,35,1.23,0.0411141,181172130,1684
07/29/2020 17:00,34,1.23,0.0411138,181175507,1687
07/29/2020 17:15,34,1.23,0.0407203,181180178,1644
07/29/2020 17:30,33,1.23,0.0408833,181185611,1687
07/29/2020 17:45,29,1.23,0.040736,181217432,1691
07/29/2020 18:00,22,1.23,0.040078,181190980,1527
07/29/2020 18:15,23,1.23,0.0393364,181235235,1540
07/29/2020 18:30,19,1.23,0.0392756,181223729,1525
07/29/2020 18:45,17,1.23,0.0393425,181224764,1525
07/29/2020 19:00,16,1.23,0.0397337,181230648,1510
07/29/2020 19:15,15,1.24,0.0382433,181230976,1496
07/29/2020 19:30,14,1.24,0.0382719,181239993,1487
07/29/2020 19:45,16,1.24,0.0389083,181242480,1514
07/29/2020 20:00,17,1.24,0.0374958,181258692,1522
07/29/2020 20:15,18,1.24,0.0377042,181262088,1524
07/29/2020 20:30,16,1.24,0.0374343,181272903,1503
07/29/2020 20:45,15,1.24,0.0373414,181283182,1503
07/29/2020 21:00,16,1.24,0.0373267,181294250,1505
07/29/2020 21:15,19,1.24,0.0373057,181299812,1454
07/29/2020 21:30,20,1.24,0.0374165,181306670,1463
07/29/2020 21:45,16,1.24,0.0388233,181310502,1470
07/29/2020 22:00,15,1.24,0.038913,181320632,1487
07/29/2020 22:15,17,1.24,0.0379327,181322394,1490
07/29/2020 22:30,15,1.24,0.0377858,181331765,1481
07/29/2020 22:45,16,1.25,0.0367686,181252606,1470
07/29/2020 23:00,17,1.25,0.0383136,181067609,1485
07/29/2020 23:15,16,1.25,0.0386651,180627151,1494
07/29/2020 23:30,16,1.25,0.0387104,180635182,1499
07/29/2020 23:45,16,1.25,0.0387751,180634819,1503
07/30/2020 00:00,15,1.25,0.03726,180644721,1482
07/30/2020 00:15,14,1.25,0.0369129,180673767,1478
07/30/2020 00:30,14,1.25,0.0368015,180679755,1468
07/30/2020 00:45,14,1.25,0.036832,180719207,1469
07/30/2020 01:00,11,1.25,0.0366799,180736670,1458
07/30/2020 01:15,11,1.25,0.0366596,180714150,1459
07/30/2020 01:30,11,1.25,0.0367108,180766075,1458
07/30/2020 01:45,11,1.25,0.0367136,180790395,1463
07/30/2020 02:00,11,1.25,0.0367038,180820200,1460
07/30/2020 02:15,11,1.25,0.0369839,180905609,1468
07/30/2020 02:30,9,1.25,0.0366624,180983132,1380
07/30/2020 02:45,9,1.25,0.0369325,181022586,1383
07/30/2020 03:00,8,1.26,0.0337688,181060960,1370
07/30/2020 03:15,8,1.26,0.0337572,181097500,1373
07/30/2020 03:30,8,1.26,0.0339141,181136987,1380
07/30/2020 03:45,8,1.26,0.0339444,181176369,1376
07/30/2020 04:00,8,1.26,0.0337364,181250087,1368
07/30/2020 04:15,8,1.26,0.0337836,181279162,1372
07/30/2020 04:30,9,1.26,0.0337332,181320823,1372
07/30/2020 04:45,9,1.26,0.0337566,181355926,1372
07/30/2020 05:00,9,1.26,0.0352641,181389574,1386
07/30/2020 05:15,10,1.26,0.0353246,181390584,1400
07/30/2020 05:30,9,1.26,0.0358873,181433424,1403
07/30/2020 05:45,7,1.26,0.0352938,181431268,1396
07/30/2020 06:00,7,1.26,0.0352658,181437581,1387
07/30/2020 06:15,6,1.26,0.0352884,181436109,1387
07/30/2020 06:30,5,1.26,0.0339765,181464602,1368
07/30/2020 06:45,7,1.26,0.0341439,181462607,1391
07/30/2020 07:00,8,1.27,0.0350903,181467243,1409
07/30/2020 07:15,8,1.27,0.0350229,181464005,1394
07/30/2020 07:30,8,1.27,0.0350323,181465918,1400
07/30/2020 07:45,8,1.27,0.0364907,181468384,1410
07/30/2020 08:00,10,1.27,0.0365763,181474693,1407
07/30/2020 08:15,10,1.27,0.0365996,181469431,1414
07/30/2020 08:30,10,1.27,0.0367395,181479085,1422
07/30/2020 08:45,12,1.27,0.0367947,181478371,1429
07/30/2020 09:00,12,1.27,0.0370359,181485627,1478
07/30/2020 09:15,14,1.27,0.0370428,181477621,1478
07/30/2020 09:30,13,1.27,0.0369847,181484582,1437
07/30/2020 09:45,13,1.27,0.0374145,181486637,1439
07/30/2020 10:00,15,1.27,0.037063,181491906,1441
07/30/2020 10:15,19,1.27,0.0362783,181489264,1516
07/30/2020 10:30,24,1.27,0.0366617,181504575,1487
07/30/2020 10:45,26,1.27,0.0367661,181505863,1480
07/30/2020 11:00,25,1.27,0.0366229,181512570,1467
07/30/2020 11:15,27,1.28,0.0372277,181510442,1484
07/30/2020 11:30,27,1.28,0.0373517,181519255,1489
07/30/2020 11:45,28,1.28,0.0374669,181521270,1497
07/30/2020 12:00,30,1.28,0.0375844,181529166,1513
07/30/2020 12:15,28,1.28,0.037579,181538515,1526
07/30/2020 12:30,25,1.28,0.0392474,181564505,1506
07/30/2020 12:45,26,1.28,0.0396287,181584241,1563
07/30/2020 13:00,25,1.28,0.0391692,181620025,1495
07/30/2020 13:15,24,1.28,0.0391549,181645528,1493
07/30/2020 13:30,26,1.28,0.0393426,181676184,1490
07/30/2020 13:45,26,1.28,0.0387052,181698529,1489
07/30/2020 14:00,29,1.28,0.0379362,181727658,1505
07/30/2020 14:15,28,1.28,0.0377334,181746329,1495
07/30/2020 14:30,30,1.28,0.0398109,181782054,1501
07/30/2020 14:45,30,1.28,0.0390937,181801834,1489
07/30/2020 15:00,34,1.28,0.0393141,181831667,1508
07/30/2020 15:15,33,1.28,0.0392839,181849819,1554
07/30/2020 15:30,33,1.28,0.0393089,181882860,1515
07/30/2020 15:45,32,1.28,0.0393989,181904010,1521
07/30/2020 16:00,30,1.28,0.0390224,181925267,1491
07/30/2020 16:15,27,1.28,0.0391826,181968081,1475
07/30/2020 16:30,31,1.28,0.0394085,182003704,1497
07/30/2020 16:45,29,1.28,0.0373475,182070787,1488
07/30/2020 17:00,35,1.28,0.0412882,182082283,1537
07/30/2020 17:15,34,1.28,0.0410786,182096914,1538
07/30/2020 17:30,35,1.28,0.0413295,182116881,1530
07/30/2020 17:45,34,1.28,0.0392989,182126681,1532
07/30/2020 18:00,36,1.28,0.0396914,182142638,1546
07/30/2020 18:15,36,1.28,0.0399412,182154438,1575
07/30/2020 18:30,34,1.28,0.0397216,182167682,1520
07/30/2020 18:45,34,1.28,0.0398157,182184373,1516
07/30/2020 19:00,32,1.28,0.0399269,182201854,1529
07/30/2020 19:15,33,1.28,0.0400796,182207354,1541
07/30/2020 19:30,32,1.28,0.0401374,182223352,1536
07/30/2020 19:45,33,1.28,0.0369486,182230780,1518
07/30/2020 20:00,32,1.28,0.0387906,182312177,1523
07/30/2020 20:15,30,1.28,0.0379658,182315369,1519
07/30/2020 20:30,24,1.28,0.0349732,182332673,1474
07/30/2020 20:45,24,1.28,0.0349454,182340179,1473
07/30/2020 21:00,25,1.28,0.0370057,182356714,1499
07/30/2020 21:15,28,1.28,0.0370898,182363610,1511
07/30/2020 21:30,24,1.28,0.0369002,182347130,1505
07/30/2020 21:45,24,1.28,0.0368433,182361767,1473
07/30/2020 22:00,24,1.28,0.0370606,182379463,1499
07/30/2020 22:15,21,1.28,0.0374309,182300789,1469
07/30/2020 22:30,20,1.28,0.0383994,182317531,1467
07/30/2020 22:45,20,1.28,0.0384129,181594823,1471
07/30/2020 23:00,20,1.28,0.0383364,181613953,1475
07/30/2020 23:15,20,1.28,0.0398702,181611963,1494
07/30/2020 23:30,17,1.28,0.0385464,181615276,1466
07/30/2020 23:45,17,1.28,0.0384838,181616980,1461
07/31/2020 00:00,17,1.28,0.0376003,181625147,1459
07/31/2020 00:15,17,1.28,0.0373069,181611775,1447
07/31/2020 00:30,17,1.28,0.037332,181619051,1446
07/31/2020 00:45,18,1.29,0.0373457,181587407,1454
07/31/2020 01:00,19,1.29,0.0354886,181559850,1460
07/31/2020 01:15,19,1.29,0.0354646,181555757,1454
07/31/2020 01:30,19,1.29,0.035467,181578441,1455
07/31/2020 01:45,18,1.29,0.035393,181577702,1451
07/31/2020 02:00,18,1.29,0.0353918,181586995,1450
07/31/2020 02:15,16,1.29,0.0353929,181594019,1445
07/31/2020 02:30,13,1.29,0.0353128,181639994,1425
07/31/2020 02:45,12,1.29,0.03449,181639392,1422
07/31/2020 03:00,12,1.29,0.0341756,181646328,1415
07/31/2020 03:15,12,1.29,0.0341159,181644940,1425
07/31/2020 03:30,11,1.29,0.0340061,181646090,1410
07/31/2020 03:45,11,1.29,0.034028,181647491,1412
07/31/2020 04:00,8,1.29,0.0343697,181652598,1400
07/31/2020 04:15,8,1.29,0.0343148,181648991,1399
07/31/2020 04:30,7,1.29,0.0342693,181653863,1391
07/31/2020 04:45,7,1.29,0.0342586,181650525,1395
07/31/2020 05:00,7,1.29,0.034272,181655745,1391
07/31/2020 05:15,7,1.29,0.0342657,181652924,1395
07/31/2020 05:30,7,1.29,0.0342605,181655227,1390
07/31/2020 05:45,6,1.29,0.0342331,181660208,1392
07/31/2020 06:00,5,1.29,0.0342232,181665083,1390
07/31/2020 06:15,5,1.29,0.03424,181662228,1390
07/31/2020 06:30,5,1.29,0.0349252,181669086,1404
07/31/2020 06:45,5,1.29,0.0350781,181665584,1447
07/31/2020 07:00,5,1.29,0.035202,181670860,1398
07/31/2020 07:15,5,1.29,0.0352125,181666754,1403
07/31/2020 07:30,6,1.29,0.0352529,181668663,1401
07/31/2020 07:45,6,1.29,0.0352534,181680885,1403
07/31/2020 08:00,6,1.29,0.0352778,181685675,1404
07/31/2020 08:15,8,1.29,0.0357177,181701936,1421
07/31/2020 08:30,9,1.29,0.0356731,181708318,1416
07/31/2020 08:45,9,1.29,0.0356529,181706264,1424
07/31/2020 09:00,9,1.29,0.0356723,181710759,1428
07/31/2020 09:15,10,1.29,0.0357704,181706384,1444
07/31/2020 09:30,8,1.29,0.0361807,181707633,1441
07/31/2020 09:45,9,1.29,0.0368658,181710197,1452
07/31/2020 10:00,14,1.29,0.0372461,181718915,1472
07/31/2020 10:15,15,1.29,0.0379341,181726655,1483
07/31/2020 10:30,19,1.29,0.0355759,181786105,1486
07/31/2020 10:45,23,1.29,0.0367949,181790867,1521
07/31/2020 11:00,22,1.29,0.0365898,181800553,1500
07/31/2020 11:15,26,1.29,0.0368416,181803978,1520
07/31/2020 11:30,26,1.29,0.0371213,181820394,1500
07/31/2020 11:45,27,1.29,0.0367915,181828625,1510
07/31/2020 12:00,27,1.29,0.0368291,181846369,1509
07/31/2020 12:15,25,1.29,0.0367003,181859244,1506
07/31/2020 12:30,28,1.29,0.0369391,181876623,1533
07/31/2020 12:45,23,1.29,0.0371172,181888017,1500
07/31/2020 13:00,25,1.29,0.0368451,181905295,1509
07/31/2020 13:15,31,1.29,0.0372136,181914018,1538
07/31/2020 13:30,31,1.29,0.0373356,181934813,1543
07/31/2020 13:45,32,1.29,0.0359787,181944911,1536
07/31/2020 14:00,33,1.29,0.0368464,181961519,1549
07/31/2020 14:15,33,1.29,0.0364583,181969288,1545
07/31/2020 14:30,32,1.29,0.0364198,181990752,1546
07/31/2020 14:45,33,1.29,0.0366568,182010669,1565
07/31/2020 15:00,35,1.29,0.0366982,182049423,1569
07/31/2020 15:15,36,1.29,0.0367702,182063867,1575
07/31/2020 15:30,32,1.29,0.0364998,182082009,1571
07/31/2020 15:45,33,1.29,0.0366493,182085433,1577
07/31/2020 16:00,33,1.29,0.0366801,182129661,1595
07/31/2020 16:15,32,1.29,0.0366558,182082155,1585
07/31/2020 16:30,31,1.29,0.036574,182094187,1574
07/31/2020 16:45,32,1.29,0.0365344,182106519,1579
07/31/2020 17:00,32,1.29,0.0364282,182122924,1565
07/31/2020 17:15,33,1.29,0.0374427,182133108,1594
07/31/2020 17:30,32,1.29,0.0374007,182148578,1594
07/31/2020 17:45,33,1.29,0.037413,182158355,1587
07/31/2020 18:00,34,1.29,0.0373929,182174756,1582
07/31/2020 18:15,32,1.29,0.0369128,182182765,1561
07/31/2020 18:30,33,1.29,0.0372963,182199239,1590
07/31/2020 18:45,32,1.29,0.0384279,182206099,1593
07/31/2020 19:00,29,1.29,0.0384942,182225565,1589
07/31/2020 19:15,27,1.29,0.039239,182229568,1589
07/31/2020 19:30,25,1.29,0.0387005,182249483,1581
07/31/2020 19:45,24,1.30,0.0391946,182259658,1587
07/31/2020 20:00,26,1.30,0.0393597,182274170,1588
07/31/2020 20:15,26,1.30,0.0393962,182290753,1603
07/31/2020 20:30,24,1.30,0.038595,182578709,1577
07/31/2020 20:45,23,1.30,0.0387086,182843514,1647
07/31/2020 21:00,24,1.30,0.0387326,183110206,1590
07/31/2020 21:15,23,1.31,0.0373809,183409819,1586
07/31/2020 21:30,23,1.31,0.0372167,183699899,1575
07/31/2020 21:45,22,1.31,0.0373472,183955812,1597
07/31/2020 22:00,21,1.31,0.0372744,183968755,1594
07/31/2020 22:15,22,1.31,0.0373921,183915497,1599
07/31/2020 22:30,21,1.31,0.0373313,183182886,1597
07/31/2020 22:45,20,1.32,0.0372066,182819762,1581
07/31/2020 23:00,21,1.32,0.0366709,182452413,1500
07/31/2020 23:15,21,1.32,0.0363738,182449337,1515
07/31/2020 23:30,23,1.32,0.0365249,182456342,1539
07/31/2020 23:45,20,1.32,0.03635,182452865,1508
08/01/2020 00:00,19,1.33,0.0362959,182455062,1512
08/01/2020 00:15,19,1.33,0.0363331,182419769,1512
08/01/2020 00:30,16,1.33,0.0361438,182421123,1514
08/01/2020 00:45,16,1.33,0.0360949,182421969,1497
08/01/2020 01:00,16,1.33,0.0362625,182429205,1490
08/01/2020 01:15,15,1.33,0.0362236,182425812,1485
08/01/2020 01:30,15,1.34,0.0364721,182453473,1492
08/01/2020 01:45,16,1.34,0.0364193,182451021,1504
08/01/2020 02:00,15,1.34,0.0360128,182457700,1444
08/01/2020 02:15,9,1.34,0.0355071,182462683,1425
08/01/2020 02:30,9,1.34,0.0354437,182438213,1419
08/01/2020 02:45,8,1.34,0.0347241,182236019,1407
08/01/2020 03:00,8,1.35,0.0347029,182072050,1406
08/01/2020 03:15,7,1.35,0.0346404,182064047,1404
08/01/2020 03:30,6,1.35,0.033375,182023118,1397
08/01/2020 03:45,6,1.35,0.0331317,182009268,1395
08/01/2020 04:00,6,1.35,0.0331177,182013452,1391
08/01/2020 04:15,5,1.35,0.0331991,181999482,1393
08/01/2020 04:30,5,1.36,0.0332346,181953513,1389
08/01/2020 04:45,5,1.36,0.0332566,181952527,1393
08/01/2020 05:00,5,1.36,0.0332353,181928108,1389
08/01/2020 05:15,5,1.36,0.0338951,181919050,1404
08/01/2020 05:30,5,1.36,0.0338639,181919790,1398
08/01/2020 05:45,5,1.36,0.0338895,181913063,1400
08/01/2020 06:00,5,1.37,0.0338502,181917363,1399
08/01/2020 06:15,5,1.37,0.0339094,181907434,1402
08/01/2020 06:30,6,1.37,0.0340535,181850360,1417
08/01/2020 06:45,6,1.37,0.0340295,181846137,1421
08/01/2020 07:00,6,1.37,0.0339833,181842144,1413
08/01/2020 07:15,6,1.37,0.0339738,181842655,1415
08/01/2020 07:30,6,1.38,0.0339627,181844608,1413
08/01/2020 07:45,7,1.38,0.0340279,181834078,1420
08/01/2020 08:00,9,1.38,0.0340656,181837652,1414
08/01/2020 08:15,10,1.38,0.0342597,181836007,1446
08/01/2020 08:30,10,1.38,0.0342901,181829041,1442
08/01/2020 08:45,9,1.38,0.0342877,181825321,1435
08/01/2020 09:00,9,1.39,0.0341942,181826494,1437
08/01/2020 09:15,10,1.39,0.0342532,181823167,1434
08/01/2020 09:30,11,1.39,0.0343139,181827827,1446
08/01/2020 09:45,14,1.39,0.0343703,181824394,1459
08/01/2020 10:00,15,1.39,0.0338876,181830185,1465
08/01/2020 10:15,18,1.39,0.0355651,181835078,1547
08/01/2020 10:30,14,1.40,0.0352151,181852571,1462
08/01/2020 10:45,18,1.40,0.0355068,181864979,1485
08/01/2020 11:00,20,1.40,0.0377212,181875544,1507
08/01/2020 11:15,23,1.40,0.0381636,181890474,1526
08/01/2020 11:30,21,1.40,0.0372516,181907347,1533
08/01/2020 11:45,21,1.40,0.0377319,181925274,1540
08/01/2020 12:00,27,1.41,0.0391666,181938108,1595
08/01/2020 12:15,26,1.41,0.0398967,181947005,1592
08/01/2020 12:30,29,1.41,0.0416293,181967947,1607
08/01/2020 12:45,30,1.41,0.0418919,181975388,1621
08/01/2020 13:00,33,1.41,0.0420958,181992190,1639
08/01/2020 13:15,31,1.41,0.0439554,182010769,1623
08/01/2020 13:30,32,1.42,0.0442997,182023472,1637
08/01/2020 13:45,33,1.42,0.0434449,182028140,1653
08/01/2020 14:00,39,1.42,0.0449492,182045307,1657
08/01/2020 14:15,38,1.42,0.0452052,182052860,1671
08/01/2020 14:30,37,1.42,0.045351,182061664,1695
08/01/2020 14:45,39,1.43,0.0455167,182073690,1721
08/01/2020 15:00,38,1.43,0.0448571,182090580,1794
08/01/2020 15:15,37,1.43,0.0475796,182096546,1780
08/01/2020 15:30,40,1.44,0.0472081,182111277,1756
08/01/2020 15:45,40,1.44,0.047979,182120843,1763
08/01/2020 16:00,39,1.44,0.0494754,182136933,1757
08/01/2020 16:15,37,1.44,0.0483469,182146199,1742
08/01/2020 16:30,37,1.45,0.0483372,182159320,1748
08/01/2020 16:45,37,1.45,0.0485369,182172718,1738
08/01/2020 17:00,36,1.45,0.0481334,182183869,1713
08/01/2020 17:15,37,1.45,0.0475817,182196791,1667
08/01/2020 17:30,36,1.45,0.0472997,182208557,1706
08/01/2020 17:45,33,1.45,0.0470129,182216806,1649
08/01/2020 18:00,35,1.45,0.0486775,182234354,1648
08/01/2020 18:15,36,1.45,0.0474069,182243120,1646
08/01/2020 18:30,34,1.46,0.0470559,182257277,1571
08/01/2020 18:45,29,1.46,0.0458918,182272092,1529
08/01/2020 19:00,30,1.46,0.0461503,182288115,1560
08/01/2020 19:15,29,1.46,0.0464582,182295740,1556
08/01/2020 19:30,30,1.46,0.045747,182309313,1547
08/01/2020 19:45,32,1.46,0.0458131,182326509,1560
08/01/2020 20:00,31,1.46,0.045798,182344241,1532
08/01/2020 20:15,32,1.46,0.0459686,182352121,1557
08/01/2020 20:30,32,1.46,0.0460997,182362304,1567
08/01/2020 20:45,29,1.46,0.0460808,182370170,1559
08/01/2020 21:00,32,1.46,0.0462549,182382654,1573
08/01/2020 21:15,32,1.46,0.044398,182393001,1563
08/01/2020 21:30,34,1.46,0.0430822,182408882,1568
08/01/2020 21:45,34,1.47,0.0412805,182417972,1582
08/01/2020 22:00,33,1.47,0.0412936,182431852,1573
08/01/2020 22:15,33,1.47,0.0524662,182431846,1572
08/01/2020 22:30,31,1.47,0.0400167,182358373,1533
08/01/2020 22:45,32,1.47,0.0407502,182368002,1544
08/01/2020 23:00,32,1.47,0.0400518,182217390,1558
08/01/2020 23:15,31,1.47,0.040197,182224118,1558
08/01/2020 23:30,29,1.47,0.0401003,182230246,1552
08/01/2020 23:45,29,1.48,0.0399799,182227624,1555
08/02/2020 00:00,29,1.48,0.0403088,182233742,1542
08/02/2020 00:15,26,1.48,0.0390982,182243432,1517
08/02/2020 00:30,26,1.48,0.0409632,182253757,1525
08/02/2020 00:45,25,1.48,0.0404334,182263404,1510
08/02/2020 01:00,21,1.48,0.0391064,182270890,1488
08/02/2020 01:15,18,1.48,0.0389173,182273320,1476
08/02/2020 01:30,17,1.48,0.0388719,182305369,1470
08/02/2020 01:45,16,1.48,0.0388955,182304187,1472
08/02/2020 02:00,16,1.48,0.0387848,182311112,1461
08/02/2020 02:15,16,1.48,0.038807,182321505,1458
08/02/2020 02:30,12,1.48,0.03871,182366805,1452
08/02/2020 02:45,12,1.49,0.0391141,182362919,1454
08/02/2020 03:00,11,1.49,0.0385462,182370378,1438
08/02/2020 03:15,11,1.49,0.0385028,182368074,1433
08/02/2020 03:30,13,1.49,0.0386169,182369564,1440
08/02/2020 03:45,12,1.49,0.0385865,182372630,1438
08/02/2020 04:00,11,1.49,0.0385336,182380176,1430
08/02/2020 04:15,11,1.49,0.0385613,182376831,1437
08/02/2020 04:30,12,1.49,0.0386463,182378632,1445
08/02/2020 04:45,11,1.49,0.0385248,182386969,1436
08/02/2020 05:00,11,1.49,0.0384944,182373917,1428
08/02/2020 05:15,11,1.49,0.0392096,182358443,1453
08/02/2020 05:30,11,1.49,0.039185,182354900,1445
08/02/2020 05:45,11,1.49,0.0394054,182352004,1443
08/02/2020 06:00,11,1.49,0.0394553,182354957,1444
08/02/2020 06:15,11,1.49,0.0394986,182349994,1447
08/02/2020 06:30,11,1.49,0.0398049,182346647,1442
08/02/2020 06:45,11,1.49,0.0392229,182343927,1442
08/02/2020 07:00,9,1.50,0.0398738,182346497,1440
08/02/2020 07:15,13,1.50,0.0395773,182340735,1451
08/02/2020 07:30,10,1.50,0.0397835,182345967,1452
08/02/2020 07:45,9,1.50,0.0407637,182342452,1461
08/02/2020 08:00,8,1.50,0.0410994,182345180,1460
08/02/2020 08:15,8,1.50,0.0401983,182345831,1451
08/02/2020 08:30,8,1.50,0.0405141,182346609,1452
08/02/2020 08:45,9,1.50,0.0406071,182347391,1461
08/02/2020 09:00,9,1.50,0.0405606,182353530,1443
08/02/2020 09:15,12,1.50,0.0418415,182351417,1473
08/02/2020 09:30,12,1.50,0.0418743,182355626,1463
08/02/2020 09:45,12,1.50,0.0420886,182352517,1468
08/02/2020 10:00,15,1.50,0.0422141,182357756,1478
08/02/2020 10:15,18,1.50,0.042518,182360335,1512
08/02/2020 10:30,21,1.50,0.0421561,182368315,1571
08/02/2020 10:45,24,1.50,0.0442647,182370892,1575
08/02/2020 11:00,24,1.50,0.0444598,182384035,1574
08/02/2020 11:15,24,1.50,0.0449946,182391448,1660
08/02/2020 11:30,21,1.50,0.0442456,182422534,1570
08/02/2020 11:45,22,1.51,0.0426025,182424533,1558
08/02/2020 12:00,22,1.51,0.0435714,182425889,1564
08/02/2020 12:15,24,1.51,0.0435805,182427251,1582
08/02/2020 12:30,27,1.51,0.0451883,182432011,1671
08/02/2020 12:45,27,1.51,0.0451353,182436087,1622
08/02/2020 13:00,26,1.51,0.0471442,182449014,1640
08/02/2020 13:15,26,1.52,0.045963,182437385,1656
08/02/2020 13:30,27,1.52,0.0461676,182470581,1655
08/02/2020 13:45,30,1.52,0.0466258,182472597,1694
08/02/2020 14:00,33,1.52,0.0471235,182475785,1703
08/02/2020 14:15,34,1.52,0.0480028,182479648,1713
08/02/2020 14:30,34,1.52,0.049236,182480599,1747
08/02/2020 14:45,36,1.53,0.0500133,182484333,1839
08/02/2020 15:00,34,1.53,0.0492649,182494658,1819
08/02/2020 15:15,37,1.53,0.0500778,182499222,1847
08/02/2020 15:30,39,1.53,0.0509035,182505492,1846
08/02/2020 15:45,34,1.53,0.0511573,182512344,1786
08/02/2020 16:00,32,1.53,0.0528501,182532797,1781
08/02/2020 16:15,36,1.54,0.0556252,182542992,1839
08/02/2020 16:30,36,1.54,0.0559667,182547792,1865
08/02/2020 16:45,33,1.54,0.0552696,182546427,1855
08/02/2020 17:00,34,1.54,0.0538124,182552945,1838
08/02/2020 17:15,35,1.55,0.157028,182550686,1885
08/02/2020 17:30,36,1.55,0.0514046,182552332,1850
08/02/2020 17:45,38,1.55,0.0516156,182557355,1883
08/02/2020 18:00,39,1.55,0.0527309,182564326,1910
08/02/2020 18:15,40,1.56,0.060825,182563142,1814
08/02/2020 18:30,39,1.56,0.0509092,182567250,1795
08/02/2020 18:45,35,1.57,0.0506762,182576877,1721
08/02/2020 19:00,35,1.57,0.0505947,182583179,1724
08/02/2020 19:15,33,1.57,0.0505152,182746476,1758
08/02/2020 19:30,36,1.57,0.0509401,182757900,1729
08/02/2020 19:45,38,1.57,0.0505471,182755772,1735
08/02/2020 20:00,36,1.58,0.0494154,182749551,1719
08/02/2020 20:15,32,1.58,0.0388231,182751866,1682
08/02/2020 20:30,29,1.58,0.0388973,182791576,1659
08/02/2020 20:45,27,1.58,0.0389448,182828926,1667
08/02/2020 21:00,31,1.58,0.0393013,182874854,1691
08/02/2020 21:15,34,1.58,0.0389054,182911502,1704
08/02/2020 21:30,35,1.58,0.0515598,182952877,1704
08/02/2020 21:45,29,1.58,0.0423744,182987594,1671
08/02/2020 22:00,27,1.59,0.0422949,182999838,1683
08/02/2020 22:15,28,1.59,0.0412288,183002890,1691
08/02/2020 22:30,30,1.59,0.0358729,182938432,1675
08/02/2020 22:45,29,1.59,0.0359061,182951419,1693
08/02/2020 23:00,29,1.59,0.0358887,182593671,1705
08/02/2020 23:15,27,1.59,0.0358693,182559916,1673
08/02/2020 23:30,28,1.60,0.0375862,182587587,1698
08/02/2020 23:45,26,1.60,0.0359865,182589547,1662
08/03/2020 00:00,26,1.60,0.0353907,182600560,1657
08/03/2020 00:15,25,1.60,0.0352004,182592567,1639
08/03/2020 00:30,25,1.60,0.0338434,182595953,1646
08/03/2020 00:45,24,1.61,0.0335518,182594803,1639
08/03/2020 01:00,25,1.61,0.0335291,182600424,1642
08/03/2020 01:15,24,1.61,0.032671,182560375,1637
08/03/2020 01:30,23,1.61,0.0326619,182554003,1639
08/03/2020 01:45,23,1.62,0.0327414,182548282,1658
08/03/2020 02:00,24,1.62,0.0326738,182552782,1634
08/03/2020 02:15,22,1.62,0.03212,182554438,1635
08/03/2020 02:30,20,1.63,0.0320313,182593624,1609
08/03/2020 02:45,17,1.63,0.0311714,182587225,1599
08/03/2020 03:00,16,1.63,0.0309921,182592408,1572
08/03/2020 03:15,15,1.63,0.0309927,182582011,1624
08/03/2020 03:30,15,1.64,0.0310581,182584477,1590
08/03/2020 03:45,13,1.64,0.031121,182586632,1592
08/03/2020 04:00,12,1.65,0.0323177,182593296,1563
08/03/2020 04:15,11,1.65,0.0322655,182590683,1563
08/03/2020 04:30,9,1.65,0.0321535,182586481,1550
08/03/2020 04:45,9,1.66,0.032092,182588026,1553
08/03/2020 05:00,9,1.66,0.0320951,182593866,1548
08/03/2020 05:15,9,1.67,0.0327303,182591394,1560
08/03/2020 05:30,9,1.67,0.0328125,182597015,1562
08/03/2020 05:45,9,1.67,0.0328225,182594039,1568
08/03/2020 06:00,7,1.68,0.0328355,182596615,1554
08/03/2020 06:15,8,1.68,0.0329574,182597844,1562
08/03/2020 06:30,7,1.69,0.0329636,182601496,1559
08/03/2020 06:45,7,1.69,0.0329168,182599048,1559
08/03/2020 07:00,8,1.69,0.0329635,182601049,1556
08/03/2020 07:15,10,1.70,0.0330947,182603087,1595
08/03/2020 07:30,11,1.70,0.0324409,182604852,1618
08/03/2020 07:45,11,1.70,0.0325286,182607854,1616
08/03/2020 08:00,10,1.71,0.0335631,182610014,1619
08/03/2020 08:15,9,1.71,0.0336658,182612848,1599
08/03/2020 08:30,8,1.72,0.0334144,182683469,1583
08/03/2020 08:45,9,1.72,0.0341401,182759721,1605
08/03/2020 09:00,10,1.72,0.0344826,182766680,1605
08/03/2020 09:15,14,1.73,0.0346183,182756029,1617
08/03/2020 09:30,19,1.73,0.0388973,182759085,1708
08/03/2020 09:45,25,1.74,0.0397117,182757718,1763
08/03/2020 10:00,26,1.74,0.0398235,182758678,1752
08/03/2020 10:15,36,1.75,0.0443174,182755960,1833
08/03/2020 10:30,40,1.75,0.0545594,182818204,1854
08/03/2020 10:45,41,1.76,0.0553328,182855953,1851
08/03/2020 11:00,43,1.77,0.0585303,182839566,1923
08/03/2020 11:15,44,1.77,0.0575663,182858682,1877
08/03/2020 11:30,47,1.78,0.0579145,182864443,1894
08/03/2020 11:45,52,1.78,0.0584554,182863255,1970
08/03/2020 12:00,50,1.79,0.0571073,182869543,1944
08/03/2020 12:15,46,1.80,0.0537171,182871248,1897
08/03/2020 12:30,46,1.80,0.055257,182878773,1952
08/03/2020 12:45,47,1.81,0.0559209,182876887,1960
08/03/2020 13:00,48,1.81,0.044345,182883378,1976
08/03/2020 13:15,42,1.82,0.0447598,182882789,1976
08/03/2020 13:30,43,1.83,0.0448584,182891933,1999
08/03/2020 13:45,47,1.83,0.0584014,182898344,2197
08/03/2020 14:00,45,1.84,0.0493565,182890695,1956
08/03/2020 14:15,49,1.84,0.0533846,182896892,2135
08/03/2020 14:30,52,1.85,0.0544847,182906712,2097
08/03/2020 14:45,54,1.86,0.0534011,182916476,1996
08/03/2020 15:00,59,1.87,0.0537032,182930642,2033
08/03/2020 15:15,64,1.88,0.0561663,182937460,2209
08/03/2020 15:30,61,1.88,0.055997,182951741,2101
08/03/2020 15:45,59,1.89,0.0547303,182962610,2114
08/03/2020 16:00,54,1.89,0.0541422,182970222,2060
08/03/2020 16:15,54,1.90,0.0553883,182974302,2021
08/03/2020 16:30,56,1.91,0.0528644,182985162,1993
08/03/2020 16:45,56,1.91,0.0532185,182985539,2028
08/03/2020 17:00,56,1.92,0.0541893,182996338,2048
08/03/2020 17:15,53,1.93,0.0569052,182996904,2063
08/03/2020 17:30,51,1.94,0.0552942,183003094,2057
08/03/2020 17:45,51,1.94,0.0542264,183003369,2045
08/03/2020 18:00,52,1.95,0.0536994,183013084,2051
08/03/2020 18:15,52,1.95,0.0541934,183010626,2221
08/03/2020 18:30,52,1.96,0.0538715,183018865,2090
08/03/2020 18:45,49,1.97,0.0545884,183016190,2084
08/03/2020 19:00,55,1.97,0.0531832,183022273,2081
08/03/2020 19:15,54,1.98,0.0898331,183020202,2097
08/03/2020 19:30,55,1.98,0.053504,183027334,2072
08/03/2020 19:45,52,1.99,0.051769,183024201,2252
08/03/2020 20:00,48,2.00,0.051185,183030537,2240
08/03/2020 20:15,51,2.00,0.0518066,183027514,2096
08/03/2020 20:30,49,2.01,0.0501832,183034374,2064
08/03/2020 20:45,50,2.01,0.0496453,183033439,2089
08/03/2020 21:00,50,2.02,0.0492235,183039512,2070
08/03/2020 21:15,48,2.03,0.0479608,183037037,2057
08/03/2020 21:30,50,2.03,0.0492186,183042604,2069
08/03/2020 21:45,52,2.04,0.0499245,183057141,2111
08/03/2020 22:00,55,2.04,0.0501727,183072722,2341
08/03/2020 22:15,52,2.05,0.0486972,182994264,2286
08/03/2020 22:30,54,2.06,0.0479867,183002213,2295
08/03/2020 22:45,50,2.07,0.0479547,182858880,2137
08/03/2020 23:00,49,2.07,0.0489602,182862301,2151
08/03/2020 23:15,47,2.08,0.0477448,182867152,2141
08/03/2020 23:30,43,2.09,0.0473631,182871721,2344
08/03/2020 23:45,44,2.09,0.0476984,182879998,2138
08/04/2020 00:00,41,2.10,0.0466242,182888335,1948
08/04/2020 00:15,38,2.11,0.046979,182887857,1950
08/04/2020 00:30,31,2.11,0.0465362,182895046,1935
08/04/2020 00:45,32,2.12,0.0464756,182898231,1951
08/04/2020 01:00,29,2.13,0.0459245,182905278,1946
08/04/2020 01:15,28,2.13,0.0456922,182908603,1944
08/04/2020 01:30,30,2.14,0.0460508,182934208,2092
08/04/2020 01:45,27,2.14,0.0459553,182935622,2270
08/04/2020 02:00,24,2.15,0.0438657,182938162,2028
08/04/2020 02:15,23,2.15,0.0434109,182947225,2009
08/04/2020 02:30,22,2.16,0.0419183,182985263,1885
08/04/2020 02:45,21,2.16,0.0396856,182987280,1896
08/04/2020 03:00,18,2.17,0.0395776,182997086,1885
08/04/2020 03:15,18,2.17,0.039543,182994282,1689
08/04/2020 03:30,19,2.18,0.0391931,182996086,1691
08/04/2020 03:45,19,2.18,0.0419255,182998312,1857
08/04/2020 04:00,19,2.18,0.0415115,183003951,1700
08/04/2020 04:15,17,2.19,0.0413745,183001164,1672
08/04/2020 04:30,17,2.19,0.0416207,183002096,1775
08/04/2020 04:45,17,2.19,0.0416125,183004722,1753
08/04/2020 05:00,17,2.20,0.0418135,183009662,1751
08/04/2020 05:15,18,2.20,0.0420769,183009940,1653
08/04/2020 05:30,18,2.20,0.0419071,183020880,1766
08/04/2020 05:45,20,2.21,0.0420738,183018148,1764
08/04/2020 06:00,20,2.21,0.0422354,183024502,1589
08/04/2020 06:15,20,2.21,0.0419496,183021763,1668
08/04/2020 06:30,19,2.22,0.0420788,183027204,1752
08/04/2020 06:45,20,2.22,0.0422347,183021008,1586
08/04/2020 07:00,18,2.22,0.0417666,182973358,1750
08/04/2020 07:15,18,2.23,0.0404699,182945176,1575
08/04/2020 07:30,20,2.23,0.0427798,182934410,1764
08/04/2020 07:45,21,2.23,0.0438977,182925705,1621
08/04/2020 08:00,19,2.24,0.0422932,182926926,1731
08/04/2020 08:15,23,2.24,0.0424102,182918051,1619
08/04/2020 08:30,22,2.24,0.0426611,182919596,1612
08/04/2020 08:45,23,2.25,0.0425929,182920934,1603
08/04/2020 09:00,24,2.25,0.0439742,182927841,1617
08/04/2020 09:15,27,2.25,0.0456067,182928628,1669
08/04/2020 09:30,28,2.25,0.0453667,182931889,1807
08/04/2020 09:45,32,2.26,0.0460932,182935664,1841
08/04/2020 10:00,32,2.26,0.0470143,182928595,1850
08/04/2020 10:15,34,2.26,0.0474329,182932238,1875
08/04/2020 10:30,37,2.26,0.0486485,182938088,1915
08/04/2020 10:45,39,2.26,0.0513566,182943312,2141
08/04/2020 11:00,37,2.27,0.0504428,182946960,1863
08/04/2020 11:15,38,2.27,0.0508226,182956590,1870
08/04/2020 11:30,39,2.27,0.0500004,182969856,1873
08/04/2020 11:45,39,2.27,0.050468,182983709,1882
08/04/2020 12:00,41,2.27,0.0523242,182965341,1910
08/04/2020 12:15,41,2.27,0.0505156,182912479,1913
08/04/2020 12:30,47,2.28,0.0504831,182918593,1986
08/04/2020 12:45,48,2.28,0.0507018,183066615,2009
08/04/2020 13:00,48,2.28,0.0504282,183089343,1869
08/04/2020 13:15,50,2.28,0.0523436,183086480,1839
08/04/2020 13:30,49,2.28,0.0523976,183091387,1841
08/04/2020 13:45,50,2.29,0.0532602,183090363,1877
08/04/2020 14:00,56,2.29,0.0533876,183125606,1937
08/04/2020 14:15,57,2.29,0.0546785,183186017,1920
08/04/2020 14:30,53,2.30,0.052575,183218565,1894
08/04/2020 14:45,54,2.30,0.0523809,183229993,1881
08/04/2020 15:00,52,2.30,0.0538982,183238649,1946
08/04/2020 15:15,57,2.31,0.0531303,183234383,1948
08/04/2020 15:30,58,2.31,0.0530368,183223495,1983
08/04/2020 15:45,57,2.31,0.0537411,183258751,1970
08/04/2020 16:00,60,2.32,0.0537482,183264742,2110
08/04/2020 16:15,58,2.32,0.0514358,183301796,2117
08/04/2020 16:30,56,2.32,0.0512072,183309230,2147
08/04/2020 16:45,57,2.32,0.0545545,183349827,2195
08/04/2020 17:00,56,2.32,0.0556341,183355086,2237
08/04/2020 17:15,59,2.32,0.0600449,183396978,2222
08/04/2020 17:30,60,2.33,0.0538671,183400658,2174
08/04/2020 17:45,57,2.33,0.0532817,183430495,2181
08/04/2020 18:00,57,2.33,0.0539551,183418987,2279
08/04/2020 18:15,60,2.34,0.0551929,183418381,2476
08/04/2020 18:30,61,2.34,0.0560125,183423968,2406
08/04/2020 18:45,64,2.34,0.0548978,183429855,2346
08/04/2020 19:00,59,2.34,0.0541771,183482170,2206
08/04/2020 19:15,55,2.34,0.053767,183484737,2018
08/04/2020 19:30,56,2.35,0.0536913,183537162,1919
08/04/2020 19:45,61,2.35,0.05319,183591824,2027
08/04/2020 20:00,56,2.35,0.0528601,183595151,1996
08/04/2020 20:15,56,2.36,0.0538854,183649870,1964
08/04/2020 20:30,52,2.36,0.0522357,183653743,1970
08/04/2020 20:45,51,2.36,0.0520827,183654058,1969
08/04/2020 21:00,48,2.36,0.052767,183656476,1966
08/04/2020 21:15,46,2.37,0.0534852,183660247,1816
08/04/2020 21:30,47,2.37,0.0544629,183667415,1952
08/04/2020 21:45,46,2.37,0.0529503,183671334,1825
08/04/2020 22:00,42,2.38,0.0532773,183712530,1906
08/04/2020 22:15,44,2.38,0.0511302,183675081,1988
08/04/2020 22:30,43,2.38,0.0509696,183708525,1784
08/04/2020 22:45,41,2.39,0.0485398,183694129,1781
08/04/2020 23:00,37,2.39,0.0466271,183718609,1719
08/04/2020 23:15,35,2.40,0.0452065,183770259,1725
08/04/2020 23:30,34,2.40,0.0457494,183802945,1736
08/04/2020 23:45,33,2.40,0.0439325,183807463,1706
08/05/2020 00:00,31,2.41,0.0439192,183817210,1729
08/05/2020 00:15,26,2.41,0.0401565,183810158,1682
08/05/2020 00:30,26,2.42,0.0401261,183814564,1685
08/05/2020 00:45,24,2.42,0.0400084,183863695,1689
08/05/2020 01:00,22,2.42,0.0398655,183929574,1608
08/05/2020 01:15,19,2.43,0.039758,183931426,1615
08/05/2020 01:30,19,2.43,0.0397672,183959363,1613
08/05/2020 01:45,17,2.44,0.0396609,183965329,1606
08/05/2020 02:00,15,2.44,0.0395717,183983092,1593
08/05/2020 02:15,15,2.44,0.0394783,183992949,1598
08/05/2020 02:30,14,2.45,0.0396795,184034637,1589
08/05/2020 02:45,14,2.45,0.03973,183999421,1589
08/05/2020 03:00,12,2.45,0.0396719,184002632,1580
08/05/2020 03:15,12,2.46,0.0397492,184004610,1583
08/05/2020 03:30,12,2.46,0.0398237,184006170,1583
08/05/2020 03:45,12,2.47,0.0399537,184008476,1582
08/05/2020 04:00,10,2.47,0.0398902,184013250,1575
08/05/2020 04:15,10,2.47,0.0398373,184009434,1578
08/05/2020 04:30,10,2.48,0.0398579,184010767,1573
08/05/2020 04:45,9,2.48,0.0397253,184011932,1529
08/05/2020 05:00,10,2.48,0.0397649,184017057,1537
08/05/2020 05:15,10,2.49,0.0397764,184013007,1533
08/05/2020 05:30,10,2.49,0.0397942,184019506,1530
08/05/2020 05:45,9,2.50,0.0397546,184020519,1531
08/05/2020 06:00,8,2.50,0.0396567,184022516,1524
08/05/2020 06:15,8,2.50,0.0396784,184023500,1529
08/05/2020 06:30,9,2.51,0.0397471,184029012,1528
08/05/2020 06:45,9,2.51,0.0397466,184026006,1530
08/05/2020 07:00,9,2.52,0.0397617,184031004,1527
08/05/2020 07:15,9,2.52,0.039789,184027791,1529
08/05/2020 07:30,9,2.52,0.0416125,184032383,1541
08/05/2020 07:45,9,2.53,0.0425086,184030105,1547
08/05/2020 08:00,10,2.53,0.0426648,184034495,1554
08/05/2020 08:15,11,2.53,0.0426955,184032939,1558
08/05/2020 08:30,13,2.54,0.0436417,184037188,1575
08/05/2020 08:45,14,2.54,0.0445054,183908452,1588
08/05/2020 09:00,15,2.55,0.0471366,183910978,1617
08/05/2020 09:15,13,2.55,0.0476256,183912335,1630
08/05/2020 09:30,13,2.55,0.0502579,183914993,1657
08/05/2020 09:45,13,2.56,0.0500642,183917794,1677
08/05/2020 10:00,13,2.56,0.0502531,183920066,1631
08/05/2020 10:15,14,2.56,0.0507436,183922633,1638
08/05/2020 10:30,16,2.57,0.0509363,183926484,1646
08/05/2020 10:45,17,2.57,0.0496553,183923653,1638
08/05/2020 11:00,16,2.58,0.0468381,183931436,1653
08/05/2020 11:15,18,2.58,0.0482391,183928453,1658
08/05/2020 11:30,20,2.58,0.0482328,183936564,1673
08/05/2020 11:45,22,2.59,0.0484794,183933674,1674
08/05/2020 12:00,21,2.59,0.0484277,183877063,1673
08/05/2020 12:15,21,2.60,0.0483775,183840405,1665
08/05/2020 12:30,21,2.60,0.04832,183832538,1623
08/05/2020 12:45,21,2.60,0.0484295,183835435,1634
08/05/2020 13:00,21,2.61,0.0483896,183849775,1629
08/05/2020 13:15,20,2.61,0.0484517,183897122,1635
08/05/2020 13:30,20,2.61,0.048496,183937873,1635
08/05/2020 13:45,22,2.62,0.0486537,183983183,1657
08/05/2020 14:00,22,2.62,0.0486749,184006265,1654
08/05/2020 14:15,22,2.63,0.0492026,184002733,1680
08/05/2020 14:30,22,2.63,0.0487612,184009891,1644
08/05/2020 14:45,24,2.63,0.049118,184012460,1672
08/05/2020 15:00,25,2.64,0.0492928,184013646,1681
08/05/2020 15:15,26,2.64,0.0486733,184016979,1692
08/05/2020 15:30,26,2.64,0.0479076,184001174,1670
08/05/2020 15:45,27,2.65,0.0477521,184000662,1668
08/05/2020 16:00,26,2.65,0.0477638,184002428,1689
08/05/2020 16:15,28,2.66,0.0484049,184003668,1702
08/05/2020 16:30,28,2.66,0.047779,184004625,1693
08/05/2020 16:45,29,2.66,0.0486036,184006271,1714
08/05/2020 17:00,30,2.67,0.0487139,184010095,1706
08/05/2020 17:15,30,2.67,0.0520512,184011399,1752
08/05/2020 17:30,30,2.67,0.0512957,184014634,1719
08/05/2020 17:45,31,2.68,0.0518987,184029153,1732
08/05/2020 18:00,30,2.68,0.0493118,184036082,1699
08/05/2020 18:15,30,2.68,0.0485191,184045151,1690
08/05/2020 18:30,29,2.69,0.0486424,184059591,1686
08/05/2020 18:45,27,2.69,0.0488156,184063203,1692
08/05/2020 19:00,28,2.70,0.0479647,184066621,1685
08/05/2020 19:15,28,2.70,0.048104,184068649,1693
08/05/2020 19:30,26,2.70,0.0479754,184071388,1684
08/05/2020 19:45,27,2.71,0.0494275,184075907,1706
08/05/2020 20:00,26,2.71,0.0504429,184081321,1730
08/05/2020 20:15,27,2.71,0.0498556,184080031,1721
08/05/2020 20:30,29,2.72,0.0494585,184087351,1709
08/05/2020 20:45,26,2.72,0.0494036,184084275,1693
08/05/2020 21:00,29,2.73,0.0494543,184104543,1732
08/05/2020 21:15,29,2.73,0.0489637,184103165,1702
08/05/2020 21:30,27,2.73,0.0487045,184110242,1715
08/05/2020 21:45,26,2.74,0.0494728,184109104,1707
08/05/2020 22:00,25,2.74,0.0495647,184112073,1693
08/05/2020 22:15,25,2.74,0.0491515,184114978,1696
08/05/2020 22:30,27,2.75,0.0494157,184048958,1708
08/05/2020 22:45,24,2.75,0.0493664,184053388,1707
08/05/2020 23:00,23,2.75,0.0494411,180917541,1710
08/05/2020 23:15,22,2.76,0.0523035,180922835,1743
08/05/2020 23:30,23,2.76,0.0522766,180929911,1742
08/05/2020 23:45,20,2.77,0.231519,180929328,1721
08/06/2020 00:00,17,2.77,0.277054,180950358,1659
08/06/2020 00:15,17,2.77,0.277164,180953561,1672
08/06/2020 00:30,17,2.78,0.275767,180961414,1655
08/06/2020 00:45,18,2.78,0.275693,180967843,1648
08/06/2020 01:00,18,2.78,0.275752,180965290,1644
08/06/2020 01:15,17,2.79,0.275722,180965626,1646
08/06/2020 01:30,16,2.79,0.274396,180995530,1594
08/06/2020 01:45,15,2.80,0.274029,181012251,1587
08/06/2020 02:00,15,2.80,0.274069,181014045,1587
08/06/2020 02:15,15,2.80,0.274084,181037622,1594
08/06/2020 02:30,14,2.81,0.0483583,181090488,1588
08/06/2020 02:45,13,2.81,0.0483018,181091504,1578
08/06/2020 03:00,13,2.81,0.0483361,181111117,1577
08/06/2020 03:15,13,2.82,0.0483096,181121110,1580
08/06/2020 03:30,12,2.82,0.0481486,181121714,1568
08/06/2020 03:45,12,2.83,0.0470526,181134959,1573
08/06/2020 04:00,12,2.83,0.0470031,181149962,1562
08/06/2020 04:15,12,2.83,0.0470647,181150073,1567
08/06/2020 04:30,12,2.84,0.0471501,181168261,1575
08/06/2020 04:45,12,2.84,0.0471333,181177231,1585
08/06/2020 05:00,12,2.85,0.0470554,181181722,1576
08/06/2020 05:15,12,2.85,0.0469775,181192282,1589
08/06/2020 05:30,13,2.85,0.0470361,181193226,1585
08/06/2020 05:45,13,2.86,0.0470253,181194927,1588
08/06/2020 06:00,13,2.86,0.0454766,181200081,1571
08/06/2020 06:15,14,2.86,0.0455621,181197215,1585
08/06/2020 06:30,13,2.87,0.0455084,181197615,1580
08/06/2020 06:45,13,2.87,0.0454859,181198239,1575
08/06/2020 07:00,12,2.88,0.0454484,181199348,1554
08/06/2020 07:15,11,2.88,0.0451543,181200401,1557
08/06/2020 07:30,11,2.88,0.046132,181201231,1560
08/06/2020 07:45,11,2.89,0.0461425,181203465,1565
08/06/2020 08:00,10,2.89,0.0470777,181210254,1570
08/06/2020 08:15,10,2.89,0.0511272,181207455,1562
08/06/2020 08:30,8,2.90,0.0512434,181212224,1551
08/06/2020 08:45,10,2.90,0.0475581,181209175,1578
08/06/2020 09:00,10,2.91,0.0477385,181214578,1580
08/06/2020 09:15,12,2.91,0.0482039,181212557,1598
08/06/2020 09:30,14,2.91,0.0484828,181226613,1599
08/06/2020 09:45,14,2.92,0.0485004,181225760,1607
08/06/2020 10:00,12,2.92,0.048423,181230173,1592
08/06/2020 10:15,16,2.92,0.048643,181235246,1608
08/06/2020 10:30,18,2.93,0.0508181,181236898,1629
08/06/2020 10:45,20,2.93,0.0504897,181239838,1639
08/06/2020 11:00,20,2.94,0.0514875,181245582,1638
08/06/2020 11:15,20,2.94,0.0515736,181243199,1645
08/06/2020 11:30,19,2.94,0.0514536,181248292,1627
08/06/2020 11:45,19,2.95,0.0515797,181246622,1641
08/06/2020 12:00,20,2.95,0.0516406,181251595,1646
08/06/2020 12:15,22,2.95,0.0522755,181249059,1655
08/06/2020 12:30,22,2.96,0.0520365,181255144,1536
08/06/2020 12:45,20,2.96,0.0519571,181254134,1531
08/06/2020 13:00,18,2.96,0.051809,181263302,1514
08/06/2020 13:15,19,2.96,0.0523463,181266386,1520
08/06/2020 13:30,19,2.96,0.0500342,181274225,1519
08/06/2020 13:45,24,2.96,0.0504078,181275662,1537
08/06/2020 14:00,21,2.96,0.0499172,181282168,1530
08/06/2020 14:15,21,2.96,0.0495876,181291416,1517
08/06/2020 14:30,21,2.96,0.0498182,181297469,1519
08/06/2020 14:45,18,2.96,0.0512449,181303130,1453
08/06/2020 15:00,20,2.96,0.0501957,181315787,1453
08/06/2020 15:15,19,2.96,0.0502961,181332831,1458
08/06/2020 15:30,19,2.96,0.0507076,181402873,1454
08/06/2020 15:45,21,2.96,0.0509703,181463136,1471
08/06/2020 16:00,23,2.96,0.0506959,181536487,1471
08/06/2020 16:15,25,2.96,0.0511713,181537795,1482
08/06/2020 16:30,26,2.96,0.0506821,181620667,1482
08/06/2020 16:45,25,2.96,0.0510291,181635083,1487
08/06/2020 17:00,25,2.96,0.0510466,181679561,1492
08/06/2020 17:15,28,2.96,0.0533975,181737026,1523
08/06/2020 17:30,27,2.96,0.0536924,181824242,1513
08/06/2020 17:45,27,2.96,0.0537744,181884198,1516
08/06/2020 18:00,26,2.96,0.0537918,181895896,1514
08/06/2020 18:15,25,2.96,0.0535846,181900357,1514
08/06/2020 18:30,25,2.96,0.0537914,181911108,1544
08/06/2020 18:45,26,2.96,0.051967,181905593,1509
08/06/2020 19:00,23,2.96,0.0502659,181918295,1482
08/06/2020 19:15,24,2.97,0.0500825,181924531,1492
08/06/2020 19:30,24,2.97,0.0500545,181932580,1481
08/06/2020 19:45,26,2.97,0.0501559,181935567,1495
08/06/2020 20:00,25,2.97,0.0507427,181945523,1488
08/06/2020 20:15,25,2.97,0.0515638,181948089,1495
08/06/2020 20:30,25,2.97,0.0516383,181956054,1487
08/06/2020 20:45,24,2.97,0.0517611,181960367,1485
08/06/2020 21:00,24,2.97,0.051751,181938062,1485
08/06/2020 21:15,24,2.97,0.0522476,181939733,1519
08/06/2020 21:30,23,2.97,0.0519505,181950246,1493
08/06/2020 21:45,21,2.97,0.0518428,181952000,1470
08/06/2020 22:00,19,2.97,0.050721,181963101,1457
08/06/2020 22:15,20,2.97,0.048534,181966461,1452
08/06/2020 22:30,20,2.97,0.0484956,181900928,1472
08/06/2020 22:45,20,2.97,0.0485176,181910719,1453
08/06/2020 23:00,20,2.97,0.048482,181735936,1451
08/06/2020 23:15,20,2.97,0.0476724,181738785,1438
08/06/2020 23:30,20,2.97,0.0469621,181750703,1437
08/06/2020 23:45,18,2.97,0.0466733,181754153,1274
08/07/2020 00:00,19,2.97,0.0470505,181763717,1280
08/07/2020 00:15,19,2.97,0.0467138,181777389,1272
08/07/2020 00:30,19,2.97,0.04668,181829098,1274
08/07/2020 00:45,19,2.97,0.0466248,181889241,1272
08/07/2020 01:00,18,2.97,0.0465966,181868018,1266
08/07/2020 01:15,17,2.97,0.0465347,181901502,1266
08/07/2020 01:30,18,2.97,0.0465989,181924790,1270
08/07/2020 01:45,17,2.97,0.0468099,181974503,1273
08/07/2020 02:00,16,2.97,0.0466901,181966772,1267
08/07/2020 02:15,16,2.97,0.0467153,182037278,1271
08/07/2020 02:30,15,2.97,0.0455175,182079093,1262
08/07/2020 02:45,12,2.97,0.0448679,182143914,1239
08/07/2020 03:00,12,2.97,0.0448956,182211917,1236
08/07/2020 03:15,11,2.97,0.0448434,182279968,1238
08/07/2020 03:30,10,2.97,0.0448546,182349841,1225
08/07/2020 03:45,10,2.97,0.0451252,182398309,1231
08/07/2020 04:00,10,2.97,0.0450652,182414133,1227
08/07/2020 04:15,10,2.97,0.045101,182464119,1232
08/07/2020 04:30,11,2.97,0.0452293,182499228,1238
08/07/2020 04:45,11,2.97,0.0452374,182547797,1242
08/07/2020 05:00,11,2.98,0.0452246,182554439,1240
08/07/2020 05:15,11,2.98,0.0452413,182597578,1243
08/07/2020 05:30,10,2.98,0.0452189,182607473,1238
08/07/2020 05:45,10,2.98,0.0452113,182664742,1240
08/07/2020 06:00,10,2.98,0.045168,182732466,1237
08/07/2020 06:15,9,2.98,0.0469274,182792162,1253
08/07/2020 06:30,9,2.98,0.0470627,182856326,1252
08/07/2020 06:45,9,2.98,0.0482141,182857048,1267
08/07/2020 07:00,9,2.98,0.0461257,182917731,1240
08/07/2020 07:15,9,2.98,0.0461208,182970181,1236
08/07/2020 07:30,8,2.98,0.0484817,183038501,1257
08/07/2020 07:45,8,2.98,0.0489354,183112085,1285
08/07/2020 08:00,8,2.98,0.0489033,183110941,1253
08/07/2020 08:15,8,2.98,0.050194,183120765,1261
08/07/2020 08:30,8,2.98,0.0502206,183123069,1258
08/07/2020 08:45,10,2.98,0.0505225,183119132,1273
08/07/2020 09:00,11,2.98,0.0507494,183126060,1280
08/07/2020 09:15,12,2.98,0.050871,183126713,1281
08/07/2020 09:30,13,2.98,0.052188,183134830,1325
08/07/2020 09:45,14,2.98,0.0517445,183138764,1296
08/07/2020 10:00,17,2.98,0.0519122,183148057,1323
08/07/2020 10:15,17,2.98,0.0517715,183151311,1315
08/07/2020 10:30,17,2.98,0.0526208,181940357,1301
08/07/2020 10:45,18,2.98,0.0527635,181979588,1315
08/07/2020 11:00,16,2.98,0.0527527,182012743,1309
08/07/2020 11:15,16,2.98,0.0494222,182036713,1291
08/07/2020 11:30,16,2.98,0.0521873,182087308,1303
08/07/2020 11:45,17,2.98,0.0522804,182092083,1301
08/07/2020 12:00,17,2.98,0.0523132,182145629,1302
08/07/2020 12:15,18,2.98,0.0524761,182143036,1320
08/07/2020 12:30,17,2.98,0.052369,182186767,1304
08/07/2020 12:45,19,2.98,0.0529345,182233995,1334
08/07/2020 13:00,19,2.98,0.0529168,182288386,1336
08/07/2020 13:15,16,2.98,0.0521734,182330933,1311
08/07/2020 13:30,16,2.98,0.0527131,182381358,1310
08/07/2020 13:45,15,2.98,0.0527298,182390820,1307
08/07/2020 14:00,15,2.98,0.05278,182427153,1308
08/07/2020 14:15,15,2.98,0.0529665,182431573,1315
08/07/2020 14:30,15,2.99,0.0534689,182490753,1316
08/07/2020 14:45,17,2.99,0.0545531,182506939,1329
08/07/2020 15:00,16,2.99,0.0546212,182562875,1325
08/07/2020 15:15,14,2.99,0.0525177,182610310,1349
08/07/2020 15:30,14,2.99,0.0526168,182655179,1310
08/07/2020 15:45,13,2.99,0.0525373,182705274,1305
08/07/2020 16:00,14,2.99,0.0526833,182751562,1304
08/07/2020 16:15,14,2.99,0.0527338,182793213,1310
08/07/2020 16:30,15,2.99,0.0523827,182848088,1309
08/07/2020 16:45,15,2.99,0.0524367,182901863,1320
08/07/2020 17:00,15,2.99,0.0526272,182955058,1320
08/07/2020 17:15,16,2.99,0.0526721,182967558,1317
08/07/2020 17:30,15,2.99,0.0519705,183015783,1302
08/07/2020 17:45,15,2.99,0.051891,183051772,1304
08/07/2020 18:00,15,2.99,0.0519793,183056140,1304
08/07/2020 18:15,15,2.99,0.0528605,183068527,1308
08/07/2020 18:30,15,2.99,0.0526738,183081489,1301
08/07/2020 18:45,16,2.99,0.0506513,183091054,1299
08/07/2020 19:00,15,2.99,0.0508992,183107222,1294
08/07/2020 19:15,14,2.99,0.0493987,183119495,1282
08/07/2020 19:30,14,2.99,0.04935,183324221,1282
08/07/2020 19:45,16,2.99,0.0494898,183371512,1296
08/07/2020 20:00,16,2.99,0.0498575,183381475,1294
08/07/2020 20:15,17,2.99,0.0499552,183385094,1302
08/07/2020 20:30,16,2.99,0.0498601,183394381,1295
08/07/2020 20:45,17,2.99,0.0499819,183402375,1304
08/07/2020 21:00,15,2.99,0.0498309,183412962,1292
08/07/2020 21:15,14,2.99,0.0488181,183414625,1279
08/07/2020 21:30,13,2.99,0.0482862,183425295,1268
08/07/2020 21:45,14,2.99,0.0458778,183426732,1261
08/07/2020 22:00,13,2.99,0.0459455,183437765,1257
08/07/2020 22:15,14,2.99,0.0462158,183440311,1262
08/07/2020 22:30,13,2.99,0.046671,183446997,1247
08/07/2020 22:45,11,2.99,0.0466215,183004759,1241
08/07/2020 23:00,15,2.99,0.0458282,182989274,1253
08/07/2020 23:15,16,2.99,0.0457813,182926259,1256
08/07/2020 23:30,15,2.99,0.0457264,182935467,1246
08/07/2020 23:45,15,2.99,0.0457628,182938855,1249
08/08/2020 00:00,14,2.99,0.0452212,182952345,1262
08/08/2020 00:15,14,2.99,0.0448406,182919688,1233
08/08/2020 00:30,13,3.00,0.0448195,182935849,1230
08/08/2020 00:45,13,3.00,0.0447828,182949138,1229
08/08/2020 01:00,13,3.00,0.0448132,182938916,1239
08/08/2020 01:15,12,3.00,0.044758,182927112,1224
08/08/2020 01:30,12,3.00,0.0447385,182946817,1225
08/08/2020 01:45,10,3.00,0.0446705,182943110,1215
08/08/2020 02:00,10,3.00,0.0446523,182941624,1214
08/08/2020 02:15,10,3.00,0.0446722,182936165,1219
08/08/2020 02:30,10,3.00,0.0446337,182966721,1216
08/08/2020 02:45,10,3.00,0.044704,182990274,1214
08/08/2020 03:00,9,3.00,0.0445414,182997748,1211
08/08/2020 03:15,9,3.00,0.0435841,182996614,1215
08/08/2020 03:30,9,3.00,0.0432036,183002661,1206
08/08/2020 03:45,9,3.00,0.0433224,183001485,1210
08/08/2020 04:00,9,3.00,0.0432766,183004528,1206
08/08/2020 04:15,9,3.00,0.0432969,183006987,1209
08/08/2020 04:30,9,3.00,0.0433066,183013998,1206
08/08/2020 04:45,8,3.00,0.0432811,183011555,1204
08/08/2020 05:00,8,3.00,0.0431904,183018464,1201
08/08/2020 05:15,8,3.00,0.0431804,183016697,1204
08/08/2020 05:30,8,3.00,0.043173,183019284,1201
08/08/2020 05:45,8,3.00,0.0431703,183021274,1205
08/08/2020 06:00,8,3.00,0.043178,183023960,1200
08/08/2020 06:15,8,3.00,0.0432353,183024004,1202
08/08/2020 06:30,8,3.00,0.0432264,183024691,1201
08/08/2020 06:45,9,3.00,0.0432584,183026026,1208
08/08/2020 07:00,9,3.00,0.0449747,183026131,1225
08/08/2020 07:15,9,3.00,0.0447911,183026886,1235
08/08/2020 07:30,9,3.00,0.0448381,183031433,1221
08/08/2020 07:45,8,3.00,0.0448331,183027688,1225
08/08/2020 08:00,9,3.00,0.046057,183032327,1237
08/08/2020 08:15,9,3.00,0.0461498,183028058,1238
08/08/2020 08:30,9,3.00,0.0445553,183028588,1221
08/08/2020 08:45,9,3.00,0.0462063,183029085,1246
08/08/2020 09:00,8,3.00,0.0460799,183033717,1239
08/08/2020 09:15,8,3.00,0.0465119,183029357,1244
08/08/2020 09:30,9,3.00,0.0477287,183034614,1251
08/08/2020 09:45,10,3.00,0.0477901,183031799,1261
08/08/2020 10:00,11,3.00,0.0477875,183036359,1253
08/08/2020 10:15,11,3.00,0.0467415,183032257,1264
08/08/2020 10:30,13,3.00,0.0469229,183037064,1258
08/08/2020 10:45,15,3.00,0.0470864,183033134,1274
08/08/2020 11:00,16,3.00,0.0471584,183039702,1280
08/08/2020 11:15,15,3.00,0.0471509,183036484,1275
08/08/2020 11:30,20,3.00,0.0483632,183042347,1299
08/08/2020 11:45,22,3.01,0.0470865,183038227,1306
08/08/2020 12:00,22,3.01,0.0479172,183044746,1307
08/08/2020 12:15,23,3.01,0.0481435,183037715,1363
08/08/2020 12:30,23,3.01,0.0479739,183042922,1306
08/08/2020 12:45,25,3.01,0.0481587,183045610,1313
08/08/2020 13:00,25,3.01,0.0494868,183056456,1326
08/08/2020 13:15,26,3.01,0.0497016,183057490,1366
08/08/2020 13:30,25,3.01,0.0507603,183068612,1347
08/08/2020 13:45,24,3.01,0.0507776,183071086,1363
08/08/2020 14:00,24,3.01,0.0545676,183082992,1345
08/08/2020 14:15,25,3.01,0.0551279,183085840,1342
08/08/2020 14:30,26,3.01,0.0551677,183096488,1356
08/08/2020 14:45,28,3.01,0.055693,183103015,1365
08/08/2020 15:00,26,3.01,0.0555224,183120879,1369
08/08/2020 15:15,25,3.01,0.0551455,183128058,1361
08/08/2020 15:30,24,3.01,0.0538958,183147356,1353
08/08/2020 15:45,22,3.01,0.0542061,183158006,1330
08/08/2020 16:00,23,3.01,0.0545423,183172840,1341
08/08/2020 16:15,23,3.01,0.0546988,183185970,1341
08/08/2020 16:30,23,3.01,0.0546229,183201769,1341
08/08/2020 16:45,23,3.01,0.0531817,183210640,1341
08/08/2020 17:00,23,3.01,0.0531282,183230611,1345
08/08/2020 17:15,23,3.01,0.0531626,183239500,1350
08/08/2020 17:30,21,3.01,0.0531018,183254956,1338
08/08/2020 17:45,22,3.01,0.0538735,183263895,1357
08/08/2020 18:00,26,3.01,0.0540221,183275924,1399
08/08/2020 18:15,26,3.01,0.0548173,183285671,1371
08/08/2020 18:30,27,3.01,0.0542171,183303407,1371
08/08/2020 18:45,27,3.01,0.048855,183309746,1377
08/08/2020 19:00,23,3.01,0.0477305,183326200,1333
08/08/2020 19:15,24,3.01,0.0478287,183335039,1345
08/08/2020 19:30,25,3.01,0.0478067,183350035,1341
08/08/2020 19:45,26,3.01,0.0480462,183358346,1348
08/08/2020 20:00,25,3.01,0.0479645,183375344,1352
08/08/2020 20:15,25,3.01,0.0483895,183381752,1384
08/08/2020 20:30,25,3.01,0.0475426,183395648,1344
08/08/2020 20:45,23,3.01,0.0471417,183403358,1338
08/08/2020 21:00,25,3.01,0.0470062,183412381,1341
08/08/2020 21:15,24,3.01,0.0469388,183380103,1346
08/08/2020 21:30,25,3.01,0.0469716,183345233,1335
08/08/2020 21:45,22,3.01,0.0468451,183354610,1331
08/08/2020 22:00,20,3.01,0.046732,183371564,1317
08/08/2020 22:15,20,3.02,0.0469553,183330978,1323
08/08/2020 22:30,21,3.02,0.0470196,183453779,1318
08/08/2020 22:45,22,3.02,0.0470984,183529517,1327
08/08/2020 23:00,21,3.02,0.0470394,183546242,1320
08/08/2020 23:15,19,3.02,0.0469828,183555580,1321
08/08/2020 23:30,19,3.02,0.0470082,183567840,1330
08/08/2020 23:45,16,3.02,0.0468905,183578716,1317
08/09/2020 00:00,17,3.02,0.0468513,183584272,1322
08/09/2020 00:15,17,3.02,0.0462539,183595395,1306
08/09/2020 00:30,16,3.02,0.0459297,183612021,1303
08/09/2020 00:45,16,3.02,0.0458872,183618361,1303
08/09/2020 01:00,16,3.02,0.0458165,183630300,1303
08/09/2020 01:15,15,3.02,0.0457572,183631194,1295
08/09/2020 01:30,15,3.02,0.045814,183639267,1292
08/09/2020 01:45,14,3.02,0.0456927,183632166,1291
08/09/2020 02:00,14,3.02,0.0457166,183609013,1287
08/09/2020 02:15,14,3.02,0.0457228,183618567,1286
08/09/2020 02:30,14,3.02,0.0456808,183665423,1281
08/09/2020 02:45,15,3.02,0.0457424,183668862,1289
08/09/2020 03:00,15,3.02,0.0457188,183679695,1284
08/09/2020 03:15,13,3.02,0.0456217,183682386,1234
08/09/2020 03:30,14,3.02,0.0456501,183692979,1235
08/09/2020 03:45,13,3.02,0.0456043,183694062,1235
08/09/2020 04:00,13,3.02,0.0450304,183704915,1242
08/09/2020 04:15,13,3.02,0.0447791,183707451,1230
08/09/2020 04:30,13,3.02,0.0457237,183712774,1237
08/09/2020 04:45,13,3.02,0.0457719,183718392,1238
08/09/2020 05:00,13,3.02,0.0457787,183729584,1234
08/09/2020 05:15,13,3.02,0.0457531,183731499,1243
08/09/2020 05:30,13,3.02,0.0457058,183741177,1236
08/09/2020 05:45,13,3.02,0.0457589,183742666,1237
08/09/2020 06:00,12,3.02,0.0446187,183750307,1221
08/09/2020 06:15,12,3.02,0.0446476,183755453,1223
08/09/2020 06:30,12,3.02,0.0446094,183763138,1221
08/09/2020 06:45,12,3.02,0.0446456,183765299,1225
08/09/2020 07:00,12,3.02,0.0446086,183773187,1220
08/09/2020 07:15,11,3.02,0.0453503,183773491,1236
08/09/2020 07:30,11,3.02,0.0452987,183778279,1229
08/09/2020 07:45,11,3.02,0.0453725,183783032,1228
08/09/2020 08:00,11,3.02,0.0453034,183791733,1224
08/09/2020 08:15,11,3.02,0.0453648,183792619,1230
08/09/2020 08:30,14,3.02,0.0454932,183806523,1237
08/09/2020 08:45,14,3.02,0.0455436,183810644,1237
08/09/2020 09:00,14,3.02,0.0455362,183819354,1235
08/09/2020 09:15,14,3.02,0.045605,183821165,1241
08/09/2020 09:30,15,3.02,0.046825,183829577,1268
08/09/2020 09:45,15,3.03,0.0454678,183830325,1257
08/09/2020 10:00,15,3.03,0.0460052,183816793,1261
08/09/2020 10:15,16,3.03,0.0450782,183817824,1263
08/09/2020 10:30,16,3.03,0.0449033,183827061,1264
08/09/2020 10:45,19,3.03,0.0450402,183826541,1255
08/09/2020 11:00,20,3.03,0.0450552,183835255,1261
08/09/2020 11:15,21,3.03,0.0451372,183832836,1273
08/09/2020 11:30,22,3.03,0.0451432,183838629,1268
08/09/2020 11:45,24,3.03,0.0475621,183835888,1313
08/09/2020 12:00,25,3.03,0.0479949,183836619,1317
08/09/2020 12:15,23,3.03,0.0483117,183836089,1318
08/09/2020 12:30,22,3.03,0.0483557,183840694,1321
08/09/2020 12:45,22,3.03,0.0484208,183835710,1329
08/09/2020 13:00,22,3.03,0.0484161,183838489,1326
08/09/2020 13:15,22,3.03,0.048605,183838965,1324
08/09/2020 13:30,23,3.03,0.0485565,183840677,1330
08/09/2020 13:45,24,3.03,0.0487962,183843679,1349
08/09/2020 14:00,25,3.03,0.0474043,183847207,1335
08/09/2020 14:15,28,3.03,0.0486666,183844282,1372
08/09/2020 14:30,29,3.03,0.0489203,183850027,1384
08/09/2020 14:45,29,3.03,0.0465318,183846804,1365
08/09/2020 15:00,30,3.03,0.0465258,183852382,1391
08/09/2020 15:15,29,3.03,0.0464633,183849159,1373
08/09/2020 15:30,27,3.03,0.0456139,183855354,1339
08/09/2020 15:45,26,3.03,0.0451709,183851158,1352
08/09/2020 16:00,25,3.03,0.0459958,183857353,1350
08/09/2020 16:15,24,3.03,0.0448653,183856855,1297
08/09/2020 16:30,24,3.03,0.0450814,183863092,1314
08/09/2020 16:45,25,3.03,0.0450531,183860085,1312
08/09/2020 17:00,23,3.03,0.0448941,183867752,1299
08/09/2020 17:15,24,3.03,0.0479992,183865753,1364
08/09/2020 17:30,25,3.03,0.0470617,183867271,1337
08/09/2020 17:45,27,3.03,0.048194,183872377,1375
08/09/2020 18:00,27,3.03,0.0486837,183878571,1413
08/09/2020 18:15,26,3.03,0.0469475,183877394,1403
08/09/2020 18:30,27,3.03,0.0475093,183879887,1351
08/09/2020 18:45,27,3.03,0.048787,183890228,1362
08/09/2020 19:00,25,3.03,0.0488262,183898059,1347
08/09/2020 19:15,26,3.03,0.0491838,183906879,1368
08/09/2020 19:30,27,3.03,0.0478826,183921580,1351
08/09/2020 19:45,28,3.03,0.0464364,183927217,1343
08/09/2020 20:00,26,3.03,0.0463233,183943377,1318
08/09/2020 20:15,26,3.03,0.0464531,183949567,1330
08/09/2020 20:30,25,3.03,0.046929,183967130,1327
08/09/2020 20:45,25,3.03,0.0477581,183972659,1342
08/09/2020 21:00,25,3.03,0.0472941,183988897,1341
08/09/2020 21:15,25,3.03,0.0475041,183994868,1350
08/09/2020 21:30,22,3.03,0.0475619,184010375,1332
08/09/2020 21:45,22,3.03,0.0476624,184019041,1343
08/09/2020 22:00,23,3.03,0.0460123,184033551,1332
08/09/2020 22:15,19,3.03,0.0457683,183970648,1311
08/09/2020 22:30,18,3.03,0.0456119,183980410,1305
08/09/2020 22:45,19,3.03,0.0456514,183936572,1304
08/09/2020 23:00,19,3.03,0.0456487,183950354,1285
08/09/2020 23:15,16,3.03,0.0446267,183958699,1275
08/09/2020 23:30,14,3.03,0.0444986,184004533,1263
08/09/2020 23:45,15,3.03,0.0436662,184106845,1256
08/10/2020 00:00,14,3.03,0.0436484,184114842,1255
08/10/2020 00:15,14,3.03,0.043641,184116251,1247
08/10/2020 00:30,14,3.03,0.043501,184121428,1244
08/10/2020 00:45,14,3.03,0.0435361,184115514,1247
08/10/2020 01:00,14,3.03,0.0435214,184114752,1241
08/10/2020 01:15,14,3.03,0.0435389,184104834,1247
08/10/2020 01:30,13,3.03,0.043478,184130286,1240
08/10/2020 01:45,17,3.03,0.0436725,184129796,1255
08/10/2020 02:00,16,3.03,0.0436415,184135073,1251
08/10/2020 02:15,14,3.03,0.043569,184154524,1242
08/10/2020 02:30,12,3.03,0.0433647,184195209,1206
08/10/2020 02:45,12,3.03,0.0425599,184200882,1206
08/10/2020 03:00,12,3.03,0.0423416,184207387,1201
08/10/2020 03:15,12,3.03,0.0423475,184211000,1204
08/10/2020 03:30,12,3.03,0.0423366,184225881,1200
08/10/2020 03:45,13,3.03,0.0427166,184231656,1218
08/10/2020 04:00,10,3.03,0.0423112,184249673,1199
08/10/2020 04:15,10,3.03,0.0431721,184254506,1205
08/10/2020 04:30,10,3.03,0.04328,184259501,1206
08/10/2020 04:45,11,3.03,0.0433544,184263379,1211
08/10/2020 05:00,11,3.03,0.043358,184276251,1209
08/10/2020 05:15,11,3.03,0.0434311,184282016,1212
08/10/2020 05:30,11,3.03,0.0434294,184289147,1212
08/10/2020 05:45,11,3.03,0.0435585,184290610,1221
08/10/2020 06:00,10,3.03,0.0434909,184302322,1214
08/10/2020 06:15,10,3.03,0.0434299,184302183,1206
08/10/2020 06:30,10,3.03,0.0441399,184313825,1212
08/10/2020 06:45,9,3.03,0.04406,184318009,1210
08/10/2020 07:00,9,3.03,0.0440554,184323033,1205
08/10/2020 07:15,9,3.03,0.0440998,184322626,1209
08/10/2020 07:30,9,3.03,0.0441084,184328302,1204
08/10/2020 07:45,9,3.03,0.0441603,184328869,1208
08/10/2020 08:00,9,3.03,0.0442773,184340053,1210
08/10/2020 08:15,9,3.03,0.0442661,184343812,1218
08/10/2020 08:30,10,3.03,0.0450332,184351498,1235
08/10/2020 08:45,12,3.03,0.0460993,184353867,1240
08/10/2020 09:00,12,3.03,0.0461548,184361341,1239
08/10/2020 09:15,15,3.03,0.0452569,184357852,1247
08/10/2020 09:30,17,3.03,0.0454127,184361454,1248
08/10/2020 09:45,17,3.03,0.0454372,184369041,1250
08/10/2020 10:00,17,3.03,0.0453646,184377487,1252
08/10/2020 10:15,17,3.03,0.0454185,184378772,1253
08/10/2020 10:30,19,3.03,0.0473944,184386187,1272
08/10/2020 10:45,21,3.03,0.0483988,184384514,1288
08/10/2020 11:00,21,3.03,0.0482353,184355324,1286
08/10/2020 11:15,24,3.03,0.0488724,184362229,1332
08/10/2020 11:30,26,3.03,0.048587,184334903,1317
08/10/2020 11:45,27,3.03,0.04912,184342975,1318
08/10/2020 12:00,30,3.03,0.0501868,184357439,1341
08/10/2020 12:15,31,3.03,0.050213,184364777,1353
08/10/2020 12:30,31,3.03,0.0502446,184379703,1349
08/10/2020 12:45,31,3.03,0.0476478,184385401,1342
08/10/2020 13:00,27,3.03,0.0480427,184445102,1319
08/10/2020 13:15,28,3.03,0.0492508,184456383,1355
08/10/2020 13:30,27,3.03,0.049667,184476258,1342
08/10/2020 13:45,27,3.03,0.0504083,184486179,1367
08/10/2020 14:00,30,3.03,0.0516131,184500877,1377
08/10/2020 14:15,28,3.03,0.0506346,184506677,1366
08/10/2020 14:30,25,3.03,0.0502793,184522003,1345
08/10/2020 14:45,25,3.03,0.0503767,184541694,1350
08/10/2020 15:00,26,3.03,0.0504009,184553660,1355
08/10/2020 15:15,28,3.03,0.0506122,184560934,1377
08/10/2020 15:30,28,3.03,0.0506209,184578866,1367
08/10/2020 15:45,27,3.03,0.0477614,184590548,1361
08/10/2020 16:00,30,3.03,0.04842,184606840,1378
08/10/2020 16:15,29,3.03,0.0491825,184633711,1386
08/10/2020 16:30,29,3.03,0.0494909,184644572,1384
08/10/2020 16:45,32,3.03,0.0501069,184652262,1426
08/10/2020 17:00,35,3.03,0.0519881,184667953,1418
08/10/2020 17:15,34,3.03,0.0518174,184674154,1420
08/10/2020 17:30,35,3.03,0.053776,184686584,1443
08/10/2020 17:45,32,3.03,0.0553371,184707624,1454
08/10/2020 18:00,33,3.03,0.056172,184723465,1446
08/10/2020 18:15,32,3.03,0.0559553,184736509,1445
08/10/2020 18:30,32,3.03,0.0560447,184751294,1479
08/10/2020 18:45,30,3.03,0.0559172,184825036,1440
08/10/2020 19:00,28,3.03,0.0552412,184839938,1406
08/10/2020 19:15,29,3.03,0.0553232,184847439,1420
08/10/2020 19:30,31,3.03,0.0556943,184854011,1459
08/10/2020 19:45,31,3.03,0.0556543,184872218,1413
08/10/2020 20:00,32,3.03,0.0554805,184886469,1481
08/10/2020 20:15,35,3.03,0.0558257,184896942,1433
08/10/2020 20:30,33,3.03,0.0558467,184918556,1465
08/10/2020 20:45,31,3.03,0.0544792,184925768,1402
08/10/2020 21:00,29,3.03,0.0532319,184942079,1400
08/10/2020 21:15,30,3.03,0.0537429,184951163,1451
08/10/2020 21:30,31,3.03,0.0528958,184965215,1458
08/10/2020 21:45,29,3.03,0.051901,184973752,1443
08/10/2020 22:00,25,3.03,0.0517415,184986285,1390
08/10/2020 22:15,25,3.03,0.05186,184998210,1394
08/10/2020 22:30,25,3.03,0.0509682,184944587,1355
08/10/2020 22:45,24,3.03,0.0509527,184962650,1357
08/10/2020 23:00,23,3.03,0.0508834,184807449,1351
08/10/2020 23:15,23,3.03,0.049677,184815885,1337
08/10/2020 23:30,23,3.03,0.0495667,184831885,1339
08/10/2020 23:45,21,3.03,0.0506795,184844276,1310
08/11/2020 00:00,21,3.03,0.0505676,184858472,1312
08/11/2020 00:15,21,3.03,0.0505084,184833181,1317
08/11/2020 00:30,18,3.03,0.0505262,184851212,1314
08/11/2020 00:45,18,3.03,0.0510233,184862777,1339
08/11/2020 01:00,20,3.03,0.0481096,184821969,1319
08/11/2020 01:15,19,3.03,0.0486887,184768440,1323
08/11/2020 01:30,17,3.03,0.0484734,184803880,1307
08/11/2020 01:45,17,3.03,0.0484898,184797979,1311
08/11/2020 02:00,16,3.03,0.047608,184811914,1259
08/11/2020 02:15,15,3.03,0.0467532,184825804,1251
08/11/2020 02:30,13,3.03,0.0466515,184874412,1238
08/11/2020 02:45,13,3.03,0.0466217,184880464,1237
08/11/2020 03:00,9,3.03,0.0448743,184888751,1216
08/11/2020 03:15,8,3.03,0.0448659,184895046,1211
08/11/2020 03:30,8,3.03,0.0448891,184912025,1209
08/11/2020 03:45,9,3.03,0.0449513,184916517,1219
08/11/2020 04:00,8,3.03,0.0437441,184927552,1208
08/11/2020 04:15,8,3.03,0.0445992,184930955,1219
08/11/2020 04:30,8,3.03,0.0445965,184939607,1216
08/11/2020 04:45,8,3.03,0.0446199,184940785,1219
08/11/2020 05:00,8,3.03,0.0445979,184951428,1216
08/11/2020 05:15,9,3.03,0.0446724,184952344,1217
08/11/2020 05:30,9,3.03,0.0446646,184961371,1208
08/11/2020 05:45,8,3.03,0.0446616,184961933,1208
08/11/2020 06:00,8,3.03,0.0446199,184971533,1205
08/11/2020 06:15,9,3.03,0.0446223,184971875,1210
08/11/2020 06:30,10,3.03,0.0447207,184980047,1211
08/11/2020 06:45,10,3.03,0.0447413,184980637,1215
08/11/2020 07:00,12,3.03,0.0448281,184989818,1222
08/11/2020 07:15,11,3.03,0.0447913,184992358,1219
08/11/2020 07:30,11,3.03,0.044782,185003065,1216
08/11/2020 07:45,12,3.03,0.0456724,185003523,1233
08/11/2020 08:00,13,3.03,0.0468443,185014451,1253
08/11/2020 08:15,14,3.03,0.0469075,185015852,1252
08/11/2020 08:30,15,3.03,0.0473591,185027540,1268
08/11/2020 08:45,15,3.03,0.0471351,185030185,1272
08/11/2020 09:00,15,3.03,0.0471377,185035533,1265
08/11/2020 09:15,14,3.03,0.0471648,185040979,1261
08/11/2020 09:30,13,3.03,0.0493765,185050894,1279
08/11/2020 09:45,13,3.03,0.0505632,185037265,1291
08/11/2020 10:00,19,3.03,0.0512028,185046682,1326
08/11/2020 10:15,23,3.03,0.050254,185050482,1349
08/11/2020 10:30,24,3.03,0.0534051,185062191,1364
08/11/2020 10:45,24,3.03,0.0520014,185063153,1355
08/11/2020 11:00,27,3.03,0.0527987,185074688,1364
08/11/2020 11:15,29,3.03,0.0522867,185079460,1358
08/11/2020 11:30,29,3.03,0.0512645,185096911,1349
08/11/2020 11:45,30,3.03,0.0509856,185106179,1351
08/11/2020 12:00,32,3.03,0.0510398,185122939,1362
08/11/2020 12:15,31,3.03,0.0510759,185132877,1364
08/11/2020 12:30,31,3.03,0.0512023,185154123,1367
08/11/2020 12:45,29,3.03,0.052641,185193869,1393
08/11/2020 13:00,33,3.03,0.0529232,185214526,1415
08/11/2020 13:15,37,3.03,0.0550321,185207599,1460
08/11/2020 13:30,37,3.03,0.055526,185217853,1504
08/11/2020 13:45,34,3.03,0.057235,185223923,1464
08/11/2020 14:00,38,3.03,0.0577751,185227468,1476
08/11/2020 14:15,42,3.03,0.0545698,185232104,1481
08/11/2020 14:30,43,3.03,0.0538562,185233779,1473
08/11/2020 14:45,45,3.03,0.0541731,185237115,1520
08/11/2020 15:00,43,3.03,0.0540127,185235880,1476
08/11/2020 15:15,44,3.03,0.0540994,185237045,1467
08/11/2020 15:30,44,3.03,0.0542548,185241887,1454
08/11/2020 15:45,43,3.03,0.0561733,185260134,1467
08/11/2020 16:00,42,3.03,0.0562138,185265090,1459
08/11/2020 16:15,40,3.03,0.0551481,185272734,1476
08/11/2020 16:30,41,3.03,0.0574027,185270419,1463
08/11/2020 16:45,41,3.03,0.0567653,185286605,1456
08/11/2020 17:00,40,3.03,0.0576245,185295171,1453
08/11/2020 17:15,38,3.03,0.057614,185305750,1464
08/11/2020 17:30,35,3.03,0.0583925,185307063,1426
08/11/2020 17:45,34,3.03,0.0579486,185312781,1414
08/11/2020 18:00,34,3.03,0.0587419,185325992,1422
08/11/2020 18:15,31,3.03,0.0581815,185331595,1414
08/11/2020 18:30,31,3.03,0.0578018,185343273,1398
08/11/2020 18:45,27,3.03,0.0576405,185352918,1378
08/11/2020 19:00,28,3.03,0.0577429,185366047,1386
08/11/2020 19:15,26,3.03,0.0559901,185370634,1382
08/11/2020 19:30,33,3.03,0.0550983,185382091,1444
08/11/2020 19:45,33,3.03,0.0551128,185386791,1405
08/11/2020 20:00,36,3.03,0.0558004,185404964,1423
08/11/2020 20:15,36,3.03,0.0553346,185402453,1430
08/11/2020 20:30,37,3.03,0.0546377,185414156,1424
08/11/2020 20:45,39,3.03,0.0547456,185316412,1432
08/11/2020 21:00,38,3.03,0.0550418,185324448,1446
08/11/2020 21:15,38,3.03,0.055027,185332850,1422
08/11/2020 21:30,37,3.03,0.0553629,185339901,1416
08/11/2020 21:45,40,3.03,0.0555789,185348348,1440
08/11/2020 22:00,40,3.03,0.0552573,185363851,1425
08/11/2020 22:15,40,3.03,0.055181,185369821,1428
08/11/2020 22:30,41,3.03,0.0551963,185319166,1426
08/11/2020 22:45,40,3.03,0.0547759,185325895,1409
08/11/2020 23:00,41,3.03,0.0535974,184987192,1413
08/11/2020 23:15,42,3.03,0.0526436,184994124,1419
08/11/2020 23:30,42,3.03,0.0524956,185005851,1401
08/11/2020 23:45,40,3.03,0.0523623,185008614,1395
08/12/2020 00:00,34,3.03,0.0514891,185021918,1365
08/12/2020 00:15,31,3.03,0.0510437,185025505,1344
08/12/2020 00:30,31,3.03,0.0511341,185036123,1350
08/12/2020 00:45,32,3.03,0.0511422,185043808,1354
08/12/2020 01:00,30,3.03,0.0502146,184982522,1342
08/12/2020 01:15,27,3.03,0.050098,184975047,1331
08/12/2020 01:30,22,3.03,0.0498893,185006428,1309
08/12/2020 01:45,19,3.03,0.0494883,185006798,1287
08/12/2020 02:00,15,3.03,0.0492134,185012111,1267
08/12/2020 02:15,14,3.03,0.0491145,185018765,1261
08/12/2020 02:30,12,3.03,0.0476908,185059605,1247
08/12/2020 02:45,12,3.03,0.0477027,185059903,1248
08/12/2020 03:00,11,3.03,0.0476491,185061982,1241
08/12/2020 03:15,10,3.03,0.0476107,185063533,1246
08/12/2020 03:30,10,3.03,0.0476163,185064544,1236
08/12/2020 03:45,10,3.03,0.0476303,185066158,1242
08/12/2020 04:00,10,3.03,0.0475438,185067690,1240
08/12/2020 04:15,10,3.03,0.0476246,185071047,1246
08/12/2020 04:30,10,3.03,0.0476372,185077409,1245
08/12/2020 04:45,10,3.03,0.0475711,185073938,1239
08/12/2020 05:00,10,3.03,0.0475945,185080256,1236
08/12/2020 05:15,10,3.03,0.0476035,185077453,1241
08/12/2020 05:30,9,3.03,0.0484444,185081965,1242
08/12/2020 05:45,9,3.03,0.0483961,185079772,1244
08/12/2020 06:00,9,3.03,0.048395,185084617,1246
08/12/2020 06:15,8,3.03,0.0484206,185082682,1245
08/12/2020 06:30,8,3.03,0.0485069,185082073,1247
08/12/2020 06:45,9,3.03,0.0482755,185083452,1251
08/12/2020 07:00,10,3.03,0.0483995,185088285,1256
08/12/2020 07:15,10,3.03,0.0484334,185084754,1254
08/12/2020 07:30,9,3.03,0.0499651,185085764,1268
08/12/2020 07:45,10,3.03,0.049912,185088350,1269
08/12/2020 08:00,12,3.03,0.0504849,185091550,1283
08/12/2020 08:15,12,3.03,0.0505526,185094850,1275
08/12/2020 08:30,12,3.03,0.0534932,185109638,1339
08/12/2020 08:45,13,3.03,0.0542021,185106962,1386
08/12/2020 09:00,16,3.03,0.054087,185112248,1392
08/12/2020 09:15,17,3.03,0.0556852,185111256,1336
08/12/2020 09:30,19,3.03,0.0560381,185118877,1349
08/12/2020 09:45,19,3.03,0.0560979,185125438,1342
08/12/2020 10:00,21,3.03,0.10498,185143738,1378
08/12/2020 10:15,22,3.03,0.056244,185143599,1370
08/12/2020 10:30,26,3.03,0.095738,185153939,1392
08/12/2020 10:45,29,3.03,0.0568371,185153977,1400
08/12/2020 11:00,29,3.03,0.0580966,185160914,1412
08/12/2020 11:15,30,3.03,0.0584004,185163741,1429
08/12/2020 11:30,34,3.03,0.0605192,185168958,1460
08/12/2020 11:45,35,3.03,0.0603687,185173358,1470
08/12/2020 12:00,35,3.03,0.0605359,185186531,1475
08/12/2020 12:15,35,3.03,0.0614668,185186623,1483
08/12/2020 12:30,39,3.03,0.0616253,185197298,1487
08/12/2020 12:45,39,3.03,0.062185,185196740,1539
08/12/2020 13:00,43,3.03,0.0627274,185212351,1517
08/12/2020 13:15,44,3.03,0.0619421,185204259,1521
08/12/2020 13:30,44,3.03,0.061655,185213378,1498
08/12/2020 13:45,43,3.03,0.0616139,185218425,1502
08/12/2020 14:00,42,3.03,0.0612861,185229659,1521
08/12/2020 14:15,44,3.03,0.061591,185236279,1556
08/12/2020 14:30,41,3.03,0.061665,185255954,1606
08/12/2020 14:45,40,3.03,0.0596302,185266105,1586
08/12/2020 15:00,40,3.03,0.0609649,185283009,1603
08/12/2020 15:15,41,3.03,0.0605465,185290073,1530
08/12/2020 15:30,44,3.03,0.0597445,185299542,1521
08/12/2020 15:45,44,3.03,0.0692786,185304304,1537
08/12/2020 16:00,42,3.03,0.0737153,185323895,1519
08/12/2020 16:15,41,3.03,0.0619326,185325803,1521
08/12/2020 16:30,40,3.03,0.0609976,185338018,1511
08/12/2020 16:45,39,3.03,0.0618925,185342962,1520
08/12/2020 17:00,39,3.03,0.0623641,185353986,1527
08/12/2020 17:15,39,3.03,0.0603501,185360252,1523
08/12/2020 17:30,35,3.03,0.0601901,185402289,1498
08/12/2020 17:45,34,3.03,0.0614775,185415323,1512
08/12/2020 18:00,40,3.03,0.0618811,185437834,1531
08/12/2020 18:15,40,3.03,0.0615917,185443405,1524
08/12/2020 18:30,39,3.03,0.0708641,185456264,1555
08/12/2020 18:45,39,3.03,0.0667645,185459006,1528
08/12/2020 19:00,39,3.03,0.0670311,185479005,1523
08/12/2020 19:15,38,3.03,0.0663692,185481007,1508
08/12/2020 19:30,38,3.03,0.0656165,185498736,1460
08/12/2020 19:45,37,3.03,0.0654145,185503053,1458
08/12/2020 20:00,39,3.03,0.0651617,185512882,1473
08/12/2020 20:15,38,3.03,0.0661221,185519987,1492
08/12/2020 20:30,38,3.03,0.0656308,185532726,1470
08/12/2020 20:45,37,3.03,0.0662701,185536641,1477
08/12/2020 21:00,35,3.03,0.0667428,185540796,1479
08/12/2020 21:15,29,3.03,0.0649393,185547582,1431
08/12/2020 21:30,27,3.03,0.0639209,185561400,1409
08/12/2020 21:45,31,3.03,0.0614859,185570852,1411
08/12/2020 22:00,28,3.03,0.0529856,185586336,1377
08/12/2020 22:15,27,3.03,0.0536663,185504338,1379
08/12/2020 22:30,29,3.03,0.0538745,185519784,1378
08/12/2020 22:45,28,3.03,0.0542656,185525842,1388
08/12/2020 23:00,29,3.03,0.0536257,185532199,1383
08/12/2020 23:15,29,3.03,0.0531488,194451298,1375
08/12/2020 23:30,28,3.03,0.0526988,194463613,1361
08/12/2020 23:45,25,3.03,0.0502878,194398502,1359
08/13/2020 00:00,27,3.03,0.0503806,194424747,1378
08/13/2020 00:15,24,3.03,0.0489898,194437893,1334
08/13/2020 00:30,21,3.03,0.0487283,194448577,1311
08/13/2020 00:45,21,3.03,0.0487489,194456317,1311
08/13/2020 01:00,20,3.03,0.0487243,194380882,1308
08/13/2020 01:15,19,3.03,0.0486442,194381461,1304
08/13/2020 01:30,20,3.03,0.0486861,194415084,1300
08/13/2020 01:45,18,3.03,0.0488161,194423992,1293
08/13/2020 02:00,18,3.03,0.0490622,194443666,1295
08/13/2020 02:15,18,3.03,0.0491366,194454137,1290
08/13/2020 02:30,18,3.03,0.049109,194501210,1286
08/13/2020 02:45,15,3.03,0.0489378,194504398,1274
08/13/2020 03:00,15,3.03,0.0479301,194514870,1268
08/13/2020 03:15,16,3.03,0.0479702,194516167,1272
08/13/2020 03:30,15,3.03,0.0471714,194523782,1261
08/13/2020 03:45,14,3.03,0.0471112,194530640,1258
08/13/2020 04:00,13,3.03,0.0471256,194536398,1253
08/13/2020 04:15,13,3.03,0.0471033,194540036,1258
08/13/2020 04:30,13,3.03,0.0471038,194549055,1255
08/13/2020 04:45,13,3.03,0.0471163,194552778,1257
08/13/2020 05:00,12,3.03,0.0486228,194564231,1271
08/13/2020 05:15,12,3.03,0.0488926,194563280,1273
08/13/2020 05:30,12,3.03,0.0490467,194565113,1273
08/13/2020 05:45,11,3.03,0.0497467,194568812,1268
08/13/2020 06:00,12,3.03,0.050406,194576579,1270
08/13/2020 06:15,12,3.03,0.0506895,194576227,1276
08/13/2020 06:30,12,3.03,0.0507608,194587458,1258
08/13/2020 06:45,12,3.03,0.0506579,194589620,1262
08/13/2020 07:00,15,3.03,0.0513751,194599862,1278
08/13/2020 07:15,17,3.03,0.0515543,194598048,1293
08/13/2020 07:30,19,3.03,0.0534883,194605416,1326
08/13/2020 07:45,17,3.03,0.0534709,194601887,1310
08/13/2020 08:00,17,3.03,0.0546901,194615276,1324
08/13/2020 08:15,19,3.03,0.0556085,194612782,1341
08/13/2020 08:30,21,3.03,0.0541933,194619593,1339
08/13/2020 08:45,22,3.03,0.0554818,194618659,1363
08/13/2020 09:00,22,3.03,0.0554228,194624179,1356
08/13/2020 09:15,22,3.03,0.0556805,194624641,1362
08/13/2020 09:30,24,3.03,0.0567822,194625986,1394
08/13/2020 09:45,24,3.03,0.0588902,194627054,1404
08/13/2020 10:00,22,3.03,0.0584458,194638603,1387
08/13/2020 10:15,22,3.03,0.0583265,194634236,1389
08/13/2020 10:30,26,3.03,0.0596,194639883,1419
08/13/2020 10:45,26,3.03,0.0606684,194636958,1446
08/13/2020 11:00,27,3.03,0.0630758,194643370,1465
08/13/2020 11:15,25,3.03,0.0640586,194640325,1462
08/13/2020 11:30,31,3.03,0.0643928,194656791,1477
08/13/2020 11:45,27,3.03,0.0641456,194654372,1473
08/13/2020 12:00,26,3.03,0.0647375,194667984,1472
08/13/2020 12:15,26,3.03,0.133815,194666910,1489
08/13/2020 12:30,26,3.03,0.132547,194675005,1474
08/13/2020 12:45,27,3.03,0.132817,194674928,1489
08/13/2020 13:00,25,3.03,0.132735,194683783,1455
08/13/2020 13:15,27,3.04,0.131248,194683452,1460
08/13/2020 13:30,26,3.04,0.141813,194692212,1460
08/13/2020 13:45,29,3.04,0.13664,194733676,1487
08/13/2020 14:00,31,3.04,0.138284,194818092,1471
08/13/2020 14:15,34,3.04,0.138622,194900269,1479
08/13/2020 14:30,34,3.04,0.140953,194980381,1484
08/13/2020 14:45,34,3.04,0.139566,195060277,1472
08/13/2020 15:00,36,3.04,0.13955,195144239,1478
08/13/2020 15:15,36,3.04,0.139433,195222117,1519
08/13/2020 15:30,35,3.04,0.138706,195306947,1455
08/13/2020 15:45,36,3.04,0.071115,195382633,1466
08/13/2020 16:00,35,3.04,0.0712051,195473662,1466
08/13/2020 16:15,33,3.04,0.0699633,195550004,1445
08/13/2020 16:30,33,3.04,0.0700343,195633672,1440
08/13/2020 16:45,30,3.04,0.0684709,195710338,1432
08/13/2020 17:00,28,3.04,0.0688394,195718901,1414
08/13/2020 17:15,28,3.04,0.0686343,195720488,1420
08/13/2020 17:30,29,3.04,0.0661246,195728917,1397
08/13/2020 17:45,30,3.04,0.067162,195729981,1414
08/13/2020 18:00,32,3.04,0.0671315,195741356,1422
08/13/2020 18:15,35,3.04,0.0673825,195739842,1433
08/13/2020 18:30,35,3.04,0.0674673,195752230,1440
08/13/2020 18:45,33,3.04,0.062014,195753955,1453
08/13/2020 19:00,35,3.04,0.0619856,195765801,1458
08/13/2020 19:15,36,3.04,0.0611308,195765184,1480
08/13/2020 19:30,38,3.04,0.0582637,195773110,1464
08/13/2020 19:45,38,3.04,0.0523861,195772593,1508
08/13/2020 20:00,37,3.04,0.0525768,195784666,1453
08/13/2020 20:15,38,3.04,0.052715,195784599,1459
08/13/2020 20:30,36,3.04,0.0512884,195792047,1445
08/13/2020 20:45,36,3.04,0.0513597,195794136,1451
08/13/2020 21:00,36,3.04,0.0503056,195802415,1427
08/13/2020 21:15,34,3.04,0.0508439,195801038,1434
08/13/2020 21:30,33,3.04,0.050884,195810984,1429
08/13/2020 21:45,35,3.04,0.0509845,195809413,1431
08/13/2020 22:00,33,3.04,0.0509743,195816731,1415
08/13/2020 22:15,28,3.04,0.0520935,195759646,1412
08/13/2020 22:30,27,3.04,0.0511984,195767464,1395
08/13/2020 22:45,26,3.04,0.0511291,194803254,1392
08/13/2020 23:00,27,3.04,0.0511107,194590929,1393
08/13/2020 23:15,27,3.04,0.0510661,194619461,1391
08/13/2020 23:30,24,3.04,0.0493932,194636297,1371
08/13/2020 23:45,24,3.04,0.0483374,194635741,1363
08/14/2020 00:00,17,3.04,0.0478022,194642316,1327
